Central ε Normal [MeV/fm^3] :: Central ε dark [MeV/fm^3] :: R Normal [KM] :: R Dark [Km] :: M Normal [M_sun] :: M Dark [M_sun] :: yR :: g mode [KHz] :: f mode [KHz] :: p1 mode [KHz]
    0.3040124818E+03    0.3232337515E+01    0.1294300000E+02    0.2111400000E+02    0.1138893927E+01    0.1150406987E-01    0.2024709223E+01                 NaN    0.1276357081E+01    0.2018298059E+01
    0.3089678744E+03    0.3397266936E+01    0.1296500000E+02    0.2077600000E+02    0.1173568924E+01    0.1185421305E-01    0.2018534818E+01                 NaN    0.1331461199E+01    0.2028057340E+01
    0.3139475016E+03    0.3566512540E+01    0.1298700000E+02    0.2044800000E+02    0.1207929636E+01    0.1220127535E-01    0.2011351706E+01                 NaN    0.1387762185E+01    0.2037363217E+01
    0.3172809214E+03    0.3681498665E+01    0.1300000000E+02    0.2024100000E+02    0.1230639856E+01    0.1243077740E-01    0.2006246414E+01                 NaN    0.1425947755E+01    0.2043361428E+01
    0.3223018539E+03    0.3857496480E+01    0.1302000000E+02    0.1994100000E+02    0.1264385428E+01    0.1277154649E-01    0.1997863129E+01                 NaN    0.1484244256E+01    0.2052107495E+01
    0.3273481020E+03    0.4037273096E+01    0.1303900000E+02    0.1965000000E+02    0.1297712589E+01    0.1310815519E-01    0.1988423458E+01                 NaN    0.1543708383E+01    0.2060615002E+01
    0.3324200527E+03    0.4220799546E+01    0.1305600000E+02    0.1936700000E+02    0.1330588532E+01    0.1344025315E-01    0.1977828854E+01                 NaN    0.1604314210E+01    0.2068962731E+01
    0.3375180832E+03    0.4408198014E+01    0.1307300000E+02    0.1909400000E+02    0.1362983741E+01    0.1376754355E-01    0.1966169449E+01                 NaN    0.1666008688E+01    0.2077253156E+01
    0.3426425606E+03    0.4599356718E+01    0.1308800000E+02    0.1883900000E+02    0.1394872015E+01    0.1408962272E-01    0.1954066658E+01                 NaN    0.1728702450E+01    0.2085635183E+01
    0.3460737485E+03    0.4728762339E+01    0.1309800000E+02    0.1867900000E+02    0.1415836559E+01    0.1430144987E-01    0.1945853757E+01                 NaN    0.1770948797E+01    0.2091389775E+01
    0.3512430933E+03    0.4925920434E+01    0.1311100000E+02    0.1843200000E+02    0.1446829635E+01    0.1461450096E-01    0.1931510278E+01                 NaN    0.1834769050E+01    0.2100574045E+01
    0.3564398163E+03    0.5126634123E+01    0.1312400000E+02    0.1819500000E+02    0.1477260299E+01    0.1492181647E-01    0.1916194449E+01                 NaN    0.1898459632E+01    0.2111128255E+01
    0.3616642488E+03    0.5330851587E+01    0.1313500000E+02    0.1797600000E+02    0.1507112733E+01    0.1522335890E-01    0.1900847989E+01                 NaN    0.1960333037E+01    0.2124780508E+01
    0.3669167128E+03    0.5538470627E+01    0.1314500000E+02    0.1775600000E+02    0.1536373985E+01    0.1551880335E-01    0.1883535089E+01                 NaN    0.2016295132E+01    0.2145726980E+01
    0.3721975209E+03    0.5749498619E+01    0.1315400000E+02    0.1755500000E+02    0.1565032947E+01    0.1580841573E-01    0.1866624641E+01                 NaN    0.2058797647E+01    0.2181529628E+01
    0.3792832124E+03    0.6035712824E+01    0.1316400000E+02    0.1730500000E+02    0.1602296100E+01    0.1618479189E-01    0.1843772166E+01                 NaN    0.2090674348E+01    0.2256458210E+01
    0.3846313212E+03    0.6254323255E+01    0.1317000000E+02    0.1710100000E+02    0.1629521116E+01    0.1645980878E-01    0.1822021823E+01                 NaN    0.2104037616E+01    0.2325095607E+01
    0.3900087505E+03    0.6476157112E+01    0.1317600000E+02    0.1691700000E+02    0.1656123715E+01    0.1672855029E-01    0.1801292872E+01                 NaN    0.2113627225E+01    0.2399227519E+01
    0.3954157745E+03    0.6701191990E+01    0.1318000000E+02    0.1674100000E+02    0.1682101766E+01    0.1699106848E-01    0.1779980998E+01                 NaN    0.2121331201E+01    0.2477064958E+01
    0.4008526585E+03    0.6929318489E+01    0.1318300000E+02    0.1657400000E+02    0.1707455247E+01    0.1724702398E-01    0.1758423745E+01                 NaN    0.2127964474E+01    0.2557948660E+01
    0.4063196597E+03    0.7160594112E+01    0.1318500000E+02    0.1640600000E+02    0.1732184715E+01    0.1749681563E-01    0.1734741407E+01                 NaN    0.2133917760E+01    0.2641578351E+01
    0.4136562732E+03    0.7473597389E+01    0.1318700000E+02    0.1619800000E+02    0.1764192373E+01    0.1782013137E-01    0.1703505265E+01                 NaN    0.2141143716E+01    0.2757246523E+01
    0.4191945031E+03    0.7711975465E+01    0.1318700000E+02    0.1604800000E+02    0.1787477538E+01    0.1805532218E-01    0.1679261694E+01                 NaN    0.2146175821E+01    0.2847180297E+01
    0.4247636504E+03    0.7953394369E+01    0.1318600000E+02    0.1591000000E+02    0.1810151202E+01    0.1828435664E-01    0.1656184448E+01                 NaN    0.2150952451E+01    0.2939943971E+01
    0.4322376589E+03    0.8279808093E+01    0.1318400000E+02    0.1572500000E+02    0.1839443002E+01    0.1858023233E-01    0.1622480256E+01                 NaN    0.2156999807E+01    0.3068292513E+01
    0.4378798033E+03    0.8528144207E+01    0.1318200000E+02    0.1558700000E+02    0.1860714607E+01    0.1879510163E-01    0.1595238425E+01                 NaN    0.2161333788E+01    0.3168297780E+01
    0.4435535824E+03    0.8779472188E+01    0.1317800000E+02    0.1545800000E+02    0.1881397732E+01    0.1900401448E-01    0.1568808117E+01                 NaN    0.2165520165E+01    0.3271719395E+01
    0.4511681755E+03    0.9118917864E+01    0.1317300000E+02    0.1528700000E+02    0.1908075125E+01    0.1927350202E-01    0.1531055433E+01                 NaN    0.2170901749E+01    0.3415414916E+01
    0.4569165357E+03    0.9377061103E+01    0.1316800000E+02    0.1516700000E+02    0.1927418764E+01    0.1946887619E-01    0.1503388967E+01                 NaN    0.2174804784E+01    0.3527861076E+01
    0.4646312549E+03    0.9725501098E+01    0.1316000000E+02    0.1501000000E+02    0.1952343764E+01    0.1972065240E-01    0.1464852206E+01                 NaN    0.2179852300E+01    0.3684673774E+01
    0.4704552041E+03    0.9990400046E+01    0.1315300000E+02    0.1489200000E+02    0.1970399833E+01    0.1990293661E-01    0.1433715696E+01                 NaN    0.2183532002E+01    0.3808020853E+01
    0.4782713409E+03    0.1034777801E+02    0.1314400000E+02    0.1474900000E+02    0.1993644499E+01    0.2013784837E-01    0.1395180586E+01                 NaN    0.2188311450E+01    0.3980709834E+01
    0.4841718100E+03    0.1061920855E+02    0.1313600000E+02    0.1464400000E+02    0.2010468840E+01    0.2030774245E-01    0.1365318290E+01                 NaN    0.2191809285E+01    0.4117192727E+01
    0.4920905573E+03    0.1098552305E+02    0.1312400000E+02    0.1450400000E+02    0.2032110038E+01    0.2052643823E-01    0.1322850896E+01                 NaN    0.2196368282E+01    0.4309624094E+01
    0.4980684057E+03    0.1126316088E+02    0.1311500000E+02    0.1440500000E+02    0.2047761591E+01    0.2068431992E-01    0.1291819360E+01                 NaN    0.2199715204E+01    0.4462670180E+01
    0.5060908641E+03    0.1163826683E+02    0.1310300000E+02    0.1428000000E+02    0.2067878129E+01    0.2088781467E-01    0.1251449765E+01                 NaN    0.2204090300E+01    0.4679661077E+01
    0.5141730470E+03    0.1201819047E+02    0.1308900000E+02    0.1415700000E+02    0.2087160250E+01    0.2108242608E-01    0.1209389215E+01                 NaN    0.2208373473E+01    0.4914053580E+01
    0.5202740692E+03    0.1230645380E+02    0.1307800000E+02    0.1406800000E+02    0.2101088821E+01    0.2122327819E-01    0.1177816877E+01                 NaN    0.2211530803E+01    0.5102767778E+01
    0.5284615224E+03    0.1269506917E+02    0.1306300000E+02    0.1395100000E+02    0.2118972301E+01    0.2140368695E-01    0.1134292614E+01                 NaN    0.2215673064E+01    0.5374813255E+01
    0.5367095357E+03    0.1308877801E+02    0.1304800000E+02    0.1382900000E+02    0.2136091541E+01    0.2157669966E-01    0.1084804555E+01                 NaN    0.2219744676E+01    0.5674020955E+01
    0.5450183873E+03    0.1348743482E+02    0.1303200000E+02    0.1373100000E+02    0.2152472605E+01    0.2174219143E-01    0.1047728868E+01                 NaN    0.2223751805E+01    0.6004306033E+01
    0.5512901112E+03    0.1378985218E+02    0.1301900000E+02    0.1364800000E+02    0.2164288960E+01    0.2186149285E-01    0.1012162440E+01                 NaN    0.2226718141E+01    0.6276823311E+01
    0.5597060609E+03    0.1419696441E+02    0.1300200000E+02    0.1355000000E+02    0.2179438134E+01    0.2201452703E-01    0.9711381534E+00                 NaN    0.2230625579E+01    0.6652707534E+01
    0.5681835498E+03    0.1460905313E+02    0.1298400000E+02    0.1345000000E+02    0.2193916812E+01    0.2216085061E-01    0.9263545644E+00                 NaN    0.2234482763E+01    0.6771056958E+01
    0.5767228108E+03    0.1502607841E+02    0.1296600000E+02    0.1335600000E+02    0.2207748936E+01    0.2230058502E-01    0.8836339213E+00                 NaN    0.2238293884E+01    0.6776242388E+01
    0.5853240662E+03    0.1544803334E+02    0.1294800000E+02    0.1326000000E+02    0.2220957739E+01    0.2243392360E-01    0.8370094986E+00                 NaN    0.2242062889E+01    0.6774590927E+01
    0.5939875281E+03    0.1587499781E+02    0.1292900000E+02    0.1317000000E+02    0.2233565584E+01    0.2256123614E-01    0.7928136101E+00                 NaN    0.2245793391E+01    0.6771280319E+01
    0.6027133986E+03    0.1630694437E+02    0.1291000000E+02    0.1308500000E+02    0.2245594599E+01    0.2268264846E-01    0.7506317081E+00                 NaN    0.2249488594E+01    0.6767268660E+01
    0.6115018703E+03    0.1674403793E+02    0.1289100000E+02    0.1299700000E+02    0.2257065661E+01    0.2279867186E-01    0.7036691362E+00                 NaN    0.2253151572E+01    0.6762875043E+01
    0.6203531270E+03    0.1718562826E+02    0.1287100000E+02    0.1291900000E+02    0.2268000209E+01    0.2290908827E-01    0.6635835100E+00                 NaN    0.2256784843E+01    0.6758240750E+01
    0.6292673437E+03    0.1763200107E+02    0.1285200000E+02    0.1284900000E+02    0.2278418105E+01    0.2301423299E-01    0.6321612922E+00                 NaN    0.2260391024E+01    0.6753447899E+01
    0.6382446873E+03    0.1808351529E+02    0.1283100000E+02    0.1276900000E+02    0.2288338425E+01    0.2311453373E-01    0.6441183835E+00                 NaN    0.2263973774E+01    0.6748548614E+01
    0.6472853168E+03    0.1854000118E+02    0.1281100000E+02    0.1269100000E+02    0.2297780616E+01    0.2320981291E-01    0.6572894490E+00                 NaN    0.2267533612E+01    0.6743575447E+01
    0.6563893838E+03    0.1900176296E+02    0.1279000000E+02    0.1261600000E+02    0.2306761995E+01    0.2330076041E-01    0.6697108975E+00                 NaN    0.2271072556E+01    0.6738555130E+01
    0.6678588958E+03    0.1958546034E+02    0.1276400000E+02    0.1252400000E+02    0.2317368858E+01    0.2340790094E-01    0.6847846476E+00                 NaN    0.2275466475E+01    0.6732224095E+01
    0.6771062145E+03    0.2005769650E+02    0.1274300000E+02    0.1245200000E+02    0.2325379001E+01    0.2348862628E-01    0.6967115720E+00                 NaN    0.2278954458E+01    0.6727082650E+01
    0.6864174152E+03    0.2053495019E+02    0.1272200000E+02    0.1238200000E+02    0.2332983598E+01    0.2356560532E-01    0.7089638464E+00                 NaN    0.2282420700E+01    0.6721921062E+01
    0.6957926213E+03    0.2101732374E+02    0.1270100000E+02    0.1231400000E+02    0.2340199177E+01    0.2363856547E-01    0.7215390905E+00                 NaN    0.2285866482E+01    0.6716769230E+01
    0.7076018145E+03    0.2162713464E+02    0.1267400000E+02    0.1223100000E+02    0.2348694870E+01    0.2372427545E-01    0.7364615048E+00                 NaN    0.2290150045E+01    0.6710395787E+01
    0.7171214530E+03    0.2212092310E+02    0.1265300000E+02    0.1216500000E+02    0.2355089589E+01    0.2378886397E-01    0.7500031438E+00                 NaN    0.2293550191E+01    0.6705249991E+01
    0.7291115282E+03    0.2274456345E+02    0.1262600000E+02    0.1208500000E+02    0.2362603570E+01    0.2386471634E-01    0.7692247043E+00                 NaN    0.2297753666E+01    0.6698536358E+01
    0.7387761311E+03    0.2324866639E+02    0.1260400000E+02    0.1202300000E+02    0.2368246559E+01    0.2392168237E-01    0.7799204989E+00                 NaN    0.2301194954E+01    0.6694030244E+01
    0.7485053185E+03    0.2375807547E+02    0.1258300000E+02    0.1196100000E+02    0.2373576210E+01    0.2397551657E-01    0.7935681019E+00                 NaN    0.2304579680E+01    0.6689229855E+01
    0.7607577605E+03    0.2440191157E+02    0.1255600000E+02    0.1188500000E+02    0.2379816296E+01    0.2403854708E-01    0.8097626376E+00                 NaN    0.2308800681E+01    0.6683348594E+01
    0.7706325832E+03    0.2492296680E+02    0.1253400000E+02    0.1182600000E+02    0.2384484460E+01    0.2408589508E-01    0.8222554277E+00                 NaN    0.2312170876E+01    0.6678746485E+01
    0.7830673288E+03    0.2558021798E+02    0.1250700000E+02    0.1175300000E+02    0.2389934494E+01    0.2414075194E-01    0.8383250121E+00                 NaN    0.2316374219E+01    0.6673116090E+01
    0.7930881910E+03    0.2611164403E+02    0.1248600000E+02    0.1169600000E+02    0.2393998322E+01    0.2418180034E-01    0.8516985657E+00                 NaN    0.2319730380E+01    0.6668712765E+01
    0.8057057175E+03    0.2678324509E+02    0.1245900000E+02    0.1162500000E+02    0.2398725161E+01    0.2422954742E-01    0.8675246081E+00                 NaN    0.2323917522E+01    0.6663334667E+01
    0.8184249758E+03    0.2746271157E+02    0.1243200000E+02    0.1155600000E+02    0.2403077343E+01    0.2427350929E-01    0.8832305744E+00                 NaN    0.2328095248E+01    0.6658097527E+01
    0.8286737122E+03    0.2801180570E+02    0.1241000000E+02    0.1150200000E+02    0.2406301559E+01    0.2430607509E-01    0.8952594328E+00                 NaN    0.2331431115E+01    0.6654011071E+01
    0.8415763925E+03    0.2870482453E+02    0.1238400000E+02    0.1143500000E+02    0.2410024622E+01    0.2434368305E-01    0.9117254494E+00                 NaN    0.2335593930E+01    0.6649032104E+01
    0.8545811298E+03    0.2940562242E+02    0.1235700000E+02    0.1136900000E+02    0.2413422023E+01    0.2437783648E-01    0.9269221874E+00                 NaN    0.2339748487E+01    0.6644197580E+01
    0.8676880263E+03    0.3011465765E+02    0.1233000000E+02    0.1130400000E+02    0.2416508621E+01    0.2440917604E-01    0.9419310119E+00                 NaN    0.2343894990E+01    0.6639510844E+01
    0.8782471627E+03    0.3068765456E+02    0.1230900000E+02    0.1125400000E+02    0.2418764693E+01    0.2443196697E-01    0.9544346924E+00                 NaN    0.2347206411E+01    0.6635870252E+01
    0.8915381829E+03    0.3141007051E+02    0.1228300000E+02    0.1119100000E+02    0.2421330599E+01    0.2445781666E-01    0.9700980273E+00                 NaN    0.2351339776E+01    0.6631443180E+01
    0.9049316148E+03    0.3214054606E+02    0.1225700000E+02    0.1112900000E+02    0.2423626411E+01    0.2448097146E-01    0.9855397327E+00                 NaN    0.2355464989E+01    0.6627168974E+01
    0.9184275376E+03    0.3287915072E+02    0.1223000000E+02    0.1106800000E+02    0.2425665119E+01    0.2450158745E-01    0.9996318659E+00                 NaN    0.2359583324E+01    0.6623038220E+01
    0.9320260250E+03    0.3362569015E+02    0.1220400000E+02    0.1100900000E+02    0.2427459439E+01    0.2451954845E-01    0.1014536705E+01                 NaN    0.2363694269E+01    0.6619055055E+01
    0.9457271456E+03    0.3437976748E+02    0.1217900000E+02    0.1095000000E+02    0.2429020348E+01    0.2453556121E-01    0.1030259456E+01                 NaN    0.2367798451E+01    0.6615212474E+01
    0.9595309635E+03    0.3514155317E+02    0.1215300000E+02    0.1089200000E+02    0.2430360144E+01    0.2454909220E-01    0.1044610944E+01                 NaN    0.2371894775E+01    0.6611522004E+01
    0.9734375379E+03    0.3591155695E+02    0.1212800000E+02    0.1083500000E+02    0.2431489048E+01    0.2456049902E-01    0.1059758537E+01                 NaN    0.2375984283E+01    0.6607968468E+01
    0.9874469242E+03    0.3668981387E+02    0.1210200000E+02    0.1077900000E+02    0.2432417239E+01    0.2456987162E-01    0.1073498339E+01                 NaN    0.2380066574E+01    0.6604557260E+01
    0.1001559173E+04    0.3747513617E+02    0.1207700000E+02    0.1072300000E+02    0.2433154528E+01    0.2457731861E-01    0.1088029510E+01                 NaN    0.2384141553E+01    0.6601283228E+01
    0.1015774333E+04    0.3826847412E+02    0.1205200000E+02    0.1066900000E+02    0.2433710025E+01    0.2458282465E-01    0.1102244249E+01                 NaN    0.2388209236E+01    0.6598148302E+01
    0.1032968427E+04    0.3923151384E+02    0.1202200000E+02    0.1060500000E+02    0.2434148584E+01    0.2458735240E-01    0.1118875543E+01                 NaN    0.2393080675E+01    0.6594566854E+01
    0.1047410138E+04    0.4004314354E+02    0.1199800000E+02    0.1055200000E+02    0.2434334277E+01    0.2458923418E-01    0.1133496785E+01                 NaN    0.2397131470E+01    0.6591737757E+01
    0.1061954887E+04    0.4086195563E+02    0.1197300000E+02    0.1050000000E+02    0.2434364774E+01    0.2458953286E-01    0.1146659557E+01                 NaN    0.2401174726E+01    0.6589039613E+01
    0.1076602708E+04    0.4168893713E+02    0.1194900000E+02    0.1044900000E+02    0.2434247482E+01    0.2458836061E-01    0.1160594473E+01                 NaN    0.2405210744E+01    0.6586457513E+01
