Central ε Normal [MeV/fm^3] :: Central ε dark [MeV/fm^3] :: R Normal [KM] :: R Dark [Km] :: M Normal [M_sun] :: M Dark [M_sun] :: yR :: g mode [KHz] :: f mode [KHz] :: p1 mode [KHz]
    0.3040124818E+03    0.3245591238E+01    0.1295212153E+02    0.2125524541E+02    0.1138907625E+01    0.1161958688E-01    0.2011318275E+01                 NaN    0.1266779238E+01    0.2020539238E+01
    0.3089678744E+03    0.3448758667E+01    0.1297429658E+02    0.2116671550E+02    0.1173374105E+01    0.1227446055E-01    0.2013043280E+01                 NaN    0.1293418560E+01    0.2029747351E+01
    0.3139475016E+03    0.3565811398E+01    0.1299651820E+02    0.2049437771E+02    0.1208018118E+01    0.1219994675E-01    0.1990715452E+01                 NaN    0.1389978524E+01    0.2039021563E+01
    0.3172809214E+03    0.3706637001E+01    0.1300912657E+02    0.2043237108E+02    0.1230580576E+01    0.1262281571E-01    0.1991102381E+01                 NaN    0.1409170493E+01    0.2044794737E+01
    0.3223018539E+03    0.3852130142E+01    0.1302921094E+02    0.1996140510E+02    0.1264505409E+01    0.1273718040E-01    0.1972465723E+01                 NaN    0.1490171344E+01    0.2053465590E+01
    0.3273481020E+03    0.4077988561E+01    0.1304760639E+02    0.1988969810E+02    0.1297574511E+01    0.1339613254E-01    0.1973480621E+01                 NaN    0.1517592261E+01    0.2061237773E+01
    0.3324200527E+03    0.4233228605E+01    0.1306568324E+02    0.1947218080E+02    0.1330608254E+01    0.1352690183E-01    0.1952684402E+01                 NaN    0.1598896050E+01    0.2069239851E+01
    0.3375180832E+03    0.4407911795E+01    0.1308186031E+02    0.1915000000E+02    0.1363084758E+01    0.1376945271E-01    0.1934769343E+01                 NaN    0.1669695979E+01    0.2077409313E+01
    0.3426425606E+03    0.4634676469E+01    0.1309680476E+02    0.1901856476E+02    0.1394779565E+01    0.1431184233E-01    0.1930418205E+01                 NaN    0.1709780491E+01    0.2084589280E+01
    0.3460737485E+03    0.4730058435E+01    0.1310741889E+02    0.1873208975E+02    0.1415934876E+01    0.1431283038E-01    0.1910059949E+01                 NaN    0.1774863341E+01    0.2090571924E+01
    0.3512430933E+03    0.4982101894E+01    0.1311999092E+02    0.1865951347E+02    0.1446537162E+01    0.1494635700E-01    0.1909091447E+01                 NaN    0.1805430938E+01    0.2097199504E+01
    0.3564398163E+03    0.5164280240E+01    0.1313199558E+02    0.1836044754E+02    0.1477072584E+01    0.1513684459E-01    0.1886403223E+01                 NaN    0.1882801990E+01    0.2106687636E+01
    0.3616642488E+03    0.5334051451E+01    0.1314447629E+02    0.1803922404E+02    0.1507118168E+01    0.1524316197E-01    0.1857053355E+01                 NaN    0.1969396414E+01    0.2118204147E+01
    0.3669167128E+03    0.5595514256E+01    0.1315341511E+02    0.1795266673E+02    0.1536095325E+01    0.1582468803E-01    0.1853677453E+01                 NaN    0.1999982322E+01    0.2130159277E+01
    0.3721975209E+03    0.5802142506E+01    0.1316232343E+02    0.1772581136E+02    0.1564788884E+01    0.1608245786E-01    0.1831198274E+01                 NaN    0.2058603574E+01    0.2153672731E+01
    0.3792832124E+03    0.6090881833E+01    0.1317329981E+02    0.1745491216E+02    0.1602066042E+01    0.1645977100E-01    0.1802410384E+01                 NaN    0.2095575193E+01    0.2221914699E+01
    0.3846313212E+03    0.6310792480E+01    0.1317844565E+02    0.1725962814E+02    0.1629279398E+01    0.1673278803E-01    0.1779119765E+01                 NaN    0.2111006160E+01    0.2288580643E+01
    0.3900087505E+03    0.6476419185E+01    0.1318552973E+02    0.1697161826E+02    0.1656185728E+01    0.1673194839E-01    0.1737634305E+01                 NaN    0.2121659406E+01    0.2397800165E+01
    0.3954157745E+03    0.6696007723E+01    0.1318885099E+02    0.1678641627E+02    0.1682184654E+01    0.1696981173E-01    0.1709112807E+01                 NaN    0.2127657255E+01    0.2480380852E+01
    0.4008526585E+03    0.6937263949E+01    0.1319232816E+02    0.1663558050E+02    0.1707466136E+01    0.1728367133E-01    0.1688896578E+01                 NaN    0.2133672090E+01    0.2554804105E+01
    0.4063196597E+03    0.7186033318E+01    0.1319432102E+02    0.1649516241E+02    0.1732098464E+01    0.1760723740E-01    0.1666430439E+01                 NaN    0.2139406123E+01    0.2628373263E+01
    0.4136562732E+03    0.7518084536E+01    0.1319585674E+02    0.1630544060E+02    0.1764013104E+01    0.1800461422E-01    0.1635216736E+01                 NaN    0.2146172374E+01    0.2732467427E+01
    0.4191945031E+03    0.7706944795E+01    0.1319549382E+02    0.1609109865E+02    0.1787570604E+01    0.1803684971E-01    0.1589972962E+01                 NaN    0.2150820070E+01    0.2855135078E+01
    0.4247636504E+03    0.7979516186E+01    0.1319513514E+02    0.1597965005E+02    0.1810067688E+01    0.1838768167E-01    0.1572062053E+01                 NaN    0.2155168993E+01    0.2927313992E+01
    0.4322376589E+03    0.8336021125E+01    0.1319306440E+02    0.1581983376E+02    0.1839229746E+01    0.1879329581E-01    0.1538882181E+01                 NaN    0.2160984554E+01    0.3037596809E+01
    0.4378798033E+03    0.8550002458E+01    0.1319054392E+02    0.1564721226E+02    0.1860682467E+01    0.1887678339E-01    0.1499327274E+01                 NaN    0.2165250876E+01    0.3162451152E+01
    0.4435535824E+03    0.8772816615E+01    0.1318789651E+02    0.1548871619E+02    0.1881510392E+01    0.1898163000E-01    0.1458995865E+01                 NaN    0.2169391828E+01    0.3287711201E+01
    0.4511681755E+03    0.9155825565E+01    0.1318139562E+02    0.1535654356E+02    0.1907971154E+01    0.1940282154E-01    0.1427421367E+01                 NaN    0.2174702231E+01    0.3402751167E+01
    0.4569165357E+03    0.9397027145E+01    0.1317655640E+02    0.1521905535E+02    0.1927396677E+01    0.1953778451E-01    0.1388006436E+01                 NaN    0.2178484468E+01    0.3528925031E+01
    0.4646312549E+03    0.9723356367E+01    0.1316896757E+02    0.1504445569E+02    0.1952446223E+01    0.1971491700E-01    0.1338741157E+01                 NaN    0.2183405345E+01    0.3704859869E+01
    0.4704552041E+03    0.9983945969E+01    0.1316256006E+02    0.1492751428E+02    0.1970507606E+01    0.1988347726E-01    0.1304000514E+01                 NaN    0.2187018174E+01    0.3833750622E+01
    0.4782713409E+03    0.1040574283E+02    0.1315261086E+02    0.1482313709E+02    0.1993475116E+01    0.2031932664E-01    0.1277299295E+01                 NaN    0.2191758832E+01    0.3956367538E+01
    0.4841718100E+03    0.1062556362E+02    0.1314609775E+02    0.1468315697E+02    0.2010520997E+01    0.2032810261E-01    0.1226400304E+01                 NaN    0.2195139307E+01    0.4133419525E+01
    0.4920905573E+03    0.1098597684E+02    0.1313410749E+02    0.1454188887E+02    0.2032223368E+01    0.2052972942E-01    0.1176184271E+01                 NaN    0.2199601420E+01    0.4331683716E+01
    0.4980684057E+03    0.1128853610E+02    0.1312443734E+02    0.1445572391E+02    0.2047778960E+01    0.2075910697E-01    0.1146244141E+01                 NaN    0.2202911994E+01    0.4462370628E+01
    0.5060908641E+03    0.1167785126E+02    0.1311178982E+02    0.1433341069E+02    0.2067797376E+01    0.2099918657E-01    0.1100254758E+01                 NaN    0.2207296238E+01    0.4673510513E+01
    0.5141730470E+03    0.1238845713E+02    0.1309512715E+02    0.1436591751E+02    0.2085682937E+01    0.2209635029E-01    0.1142107905E+01                 NaN    0.2211955101E+01    0.4602928957E+01
    0.5202740692E+03    0.1280104883E+02    0.1308385360E+02    0.1432416126E+02    0.2099106345E+01    0.2255168009E-01    0.1137717564E+01                 NaN    0.2215234512E+01    0.4669896796E+01
    0.5284615224E+03    0.1322573636E+02    0.1306836407E+02    0.1420889925E+02    0.2116873568E+01    0.2278983567E-01    0.1097093645E+01                 NaN    0.2219355397E+01    0.4876669171E+01
    0.5367095357E+03    0.1366283405E+02    0.1305244230E+02    0.1409985157E+02    0.2133853484E+01    0.2303582376E-01    0.1056374104E+01                 NaN    0.2223402810E+01    0.5084459056E+01
    0.5450183873E+03    0.1350061412E+02    0.1304086297E+02    0.1376538672E+02    0.2152528182E+01    0.2177536007E-01    0.8581487114E+00                 NaN    0.2226779648E+01    0.6055043839E+01
    0.5512901112E+03    0.1381993656E+02    0.1302849417E+02    0.1369163652E+02    0.2164270559E+01    0.2193434920E-01    0.8255525592E+00                 NaN    0.2229779021E+01    0.6321206811E+01
    0.5597060609E+03    0.1429622245E+02    0.1301064550E+02    0.1361116870E+02    0.2179174464E+01    0.2224735183E-01    0.7960844622E+00                 NaN    0.2233758378E+01    0.6625830513E+01
    0.5681835498E+03    0.1478624827E+02    0.1299287314E+02    0.1353420736E+02    0.2193348796E+01    0.2256531030E-01    0.7690124219E+00                 NaN    0.2237679037E+01    0.6771506590E+01
    0.5767228108E+03    0.1529036527E+02    0.1297419645E+02    0.1346041471E+02    0.2206868143E+01    0.2288879526E-01    0.7357333972E+00                 NaN    0.2241547109E+01    0.6780051452E+01
    0.5853240662E+03    0.1580893251E+02    0.1295481932E+02    0.1338968543E+02    0.2219754790E+01    0.2321762056E-01    0.7063465223E+00                 NaN    0.2245390592E+01    0.6781133491E+01
    0.5939875281E+03    0.1634231700E+02    0.1293554681E+02    0.1332165726E+02    0.2232001188E+01    0.2355170148E-01    0.6751272972E+00                 NaN    0.2249193950E+01    0.6777802920E+01
    0.6027133986E+03    0.1689089385E+02    0.1291577318E+02    0.1325631340E+02    0.2243649211E+01    0.2389116623E-01    0.6525185315E+00                 NaN    0.2253026804E+01    0.6773041054E+01
    0.6115018703E+03    0.1669943008E+02    0.1290015470E+02    0.1300916502E+02    0.2257344637E+01    0.2271055643E-01    0.4542963168E+00                 NaN    0.2256031974E+01    0.6769298958E+01
    0.6203531270E+03    0.1727955005E+02    0.1287989113E+02    0.1295759603E+02    0.2267809114E+01    0.2309373349E-01    0.4422085518E+00                 NaN    0.2259805934E+01    0.6764429124E+01
    0.6292673437E+03    0.1787603774E+02    0.1285911717E+02    0.1290775107E+02    0.2277737650E+01    0.2348159270E-01    0.4182678118E+00                 NaN    0.2263506928E+01    0.6759351975E+01
    0.6382446873E+03    0.1848930210E+02    0.1283761838E+02    0.1285940448E+02    0.2287149810E+01    0.2387385742E-01    0.3967875540E+00                 NaN    0.2267249634E+01    0.6755058715E+01
    0.6472853168E+03    0.1911976098E+02    0.1281659846E+02    0.1281256281E+02    0.2296064409E+01    0.2427067514E-01    0.3984727923E+00                 NaN    0.2270982908E+01    0.6749930767E+01
    0.6563893838E+03    0.1901222489E+02    0.1279866521E+02    0.1262344184E+02    0.2306873299E+01    0.2332060671E-01    0.4076617532E+00                 NaN    0.2273951313E+01    0.6744125313E+01
    0.6678588958E+03    0.1967836248E+02    0.1277241212E+02    0.1254614614E+02    0.2317223850E+01    0.2356983152E-01    0.4194464360E+00                 NaN    0.2278384935E+01    0.6737984397E+01
    0.6771062145E+03    0.2036300277E+02    0.1275000000E+02    0.1251017321E+02    0.2324600867E+01    0.2400577888E-01    0.4458930187E+00                 NaN    0.2282076568E+01    0.6732584358E+01
    0.6864174152E+03    0.2106660060E+02    0.1272803423E+02    0.1247489250E+02    0.2331570199E+01    0.2444612986E-01    0.4641253174E+00                 NaN    0.2285733618E+01    0.6727174525E+01
    0.6957926213E+03    0.2103400416E+02    0.1270901355E+02    0.1232241178E+02    0.2340297823E+01    0.2366684187E-01    0.4715855061E+00                 NaN    0.2288643491E+01    0.6720664698E+01
    0.7076018145E+03    0.2177692042E+02    0.1268183849E+02    0.1225866848E+02    0.2348417084E+01    0.2396042583E-01    0.4735859952E+00                 NaN    0.2293035975E+01    0.6714367664E+01
    0.7171214530E+03    0.2254021739E+02    0.1265941470E+02    0.1223094045E+02    0.2354074805E+01    0.2443430259E-01    0.4961447955E+00                 NaN    0.2296710751E+01    0.6709709626E+01
    0.7291115282E+03    0.2332438961E+02    0.1263211107E+02    0.1217002590E+02    0.2361180166E+01    0.2473288823E-01    0.5065845360E+00                 NaN    0.2301098581E+01    0.6703657955E+01
    0.7387761311E+03    0.2337432562E+02    0.1261241893E+02    0.1204506741E+02    0.2368052673E+01    0.2410595518E-01    0.5014320169E+00                 NaN    0.2304098459E+01    0.6698732102E+01
    0.7485053185E+03    0.2420177345E+02    0.1258938037E+02    0.1202318543E+02    0.2372571583E+01    0.2461004891E-01    0.5255121648E+00                 NaN    0.2307856678E+01    0.6694768135E+01
    0.7607577605E+03    0.2443959367E+02    0.1256353185E+02    0.1189610367E+02    0.2379857430E+01    0.2409234074E-01    0.5258626596E+00                 NaN    0.2311740244E+01    0.6689130404E+01
    0.7706325832E+03    0.2516885463E+02    0.1254175390E+02    0.1186116843E+02    0.2384008764E+01    0.2442198463E-01    0.5455837677E+00                 NaN    0.2315299189E+01    0.6684900936E+01
    0.7830673288E+03    0.2606518937E+02    0.1251365594E+02    0.1181401883E+02    0.2388874560E+01    0.2478532189E-01    0.5606973881E+00                 NaN    0.2319677293E+01    0.6679070021E+01
    0.7930881910E+03    0.2622997383E+02    0.1249351157E+02    0.1171496436E+02    0.2393842686E+01    0.2433633469E-01    0.5621273376E+00                 NaN    0.2322777977E+01    0.6674911987E+01
    0.8057057175E+03    0.2717501143E+02    0.1246582420E+02    0.1167274952E+02    0.2397938811E+01    0.2472600260E-01    0.5903642527E+00                 NaN    0.2327195469E+01    0.6669608575E+01
    0.8184249758E+03    0.2738965197E+02    0.1244043783E+02    0.1155504030E+02    0.2403361497E+01    0.2418524042E-01    0.5983940419E+00                 NaN    0.2331060668E+01    0.6664235831E+01
    0.8286737122E+03    0.2838572236E+02    0.1241809356E+02    0.1154490344E+02    0.2405586111E+01    0.2475901873E-01    0.6139879814E+00                 NaN    0.2334718221E+01    0.6660318457E+01
    0.8415763925E+03    0.2865259629E+02    0.1239200618E+02    0.1143620507E+02    0.2410251935E+01    0.2428409798E-01    0.6280972646E+00                 NaN    0.2338592927E+01    0.6655200973E+01
    0.8545811298E+03    0.2970212492E+02    0.1236422462E+02    0.1140248678E+02    0.2412899983E+01    0.2471915605E-01    0.6375543222E+00                 NaN    0.2342982786E+01    0.6650226025E+01
    0.8676880263E+03    0.3016727371E+02    0.1233844808E+02    0.1131542907E+02    0.2416502833E+01    0.2446960440E-01    0.6572970829E+00                 NaN    0.2346992784E+01    0.6645701864E+01
    0.8782471627E+03    0.3112921760E+02    0.1231614656E+02    0.1129769302E+02    0.2417959784E+01    0.2491852878E-01    0.6713122124E+00                 NaN    0.2350523018E+01    0.6641715144E+01
    0.8915381829E+03    0.3150808174E+02    0.1229075650E+02    0.1120540242E+02    0.2421226645E+01    0.2456400199E-01    0.6791705484E+00                 NaN    0.2354491574E+01    0.6637691369E+01
    0.9049316148E+03    0.3267220116E+02    0.1226399315E+02    0.1117799156E+02    0.2422682872E+01    0.2503767980E-01    0.7053186609E+00                 NaN    0.2358831900E+01    0.6632942423E+01
    0.9184275376E+03    0.3311102604E+02    0.1223851374E+02    0.1109279731E+02    0.2425308286E+01    0.2473960952E-01    0.7054332214E+00                 NaN    0.2362818881E+01    0.6629131266E+01
    0.9320260250E+03    0.3358086893E+02    0.1221244035E+02    0.1101163142E+02    0.2427624248E+01    0.2447661449E-01    0.7334508901E+00                 NaN    0.2366749634E+01    0.6624738378E+01
    0.9457271456E+03    0.3483805612E+02    0.1218573709E+02    0.1098958883E+02    0.2428264466E+01    0.2498303633E-01    0.7301246129E+00                 NaN    0.2371152095E+01    0.6621028146E+01
    0.9595309635E+03    0.3537207886E+02    0.1216109638E+02    0.1091455162E+02    0.2430028326E+01    0.2476975660E-01    0.7625269866E+00                 NaN    0.2375130525E+01    0.6617204597E+01
    0.9734375379E+03    0.3593929148E+02    0.1213564062E+02    0.1084317792E+02    0.2431511908E+01    0.2458793404E-01    0.7608770621E+00                 NaN    0.2379069528E+01    0.6613339912E+01
    0.9874469242E+03    0.3668401345E+02    0.1211064809E+02    0.1078479498E+02    0.2432494221E+01    0.2456640774E-01    0.7877552481E+00                 NaN    0.2383196537E+01    0.6610267811E+01
    0.1001559173E+04    0.3793192675E+02    0.1208433812E+02    0.1075925029E+02    0.2432455338E+01    0.2498389461E-01    0.7935886676E+00                 NaN    0.2387465686E+01    0.6606461020E+01
    0.1015774333E+04    0.3860328185E+02    0.1205954224E+02    0.1069625917E+02    0.2433223927E+01    0.2487443144E-01    0.8131886554E+00                 NaN    0.2391528813E+01    0.6603836504E+01
    0.1032968427E+04    0.3931092478E+02    0.1203033781E+02    0.1061589347E+02    0.2434079210E+01    0.2465607666E-01    0.8248255448E+00                 NaN    0.2396222821E+01    0.6599546648E+01
    0.1047410138E+04    0.4005566767E+02    0.1200584718E+02    0.1055910010E+02    0.2434367148E+01    0.2460142976E-01    0.8420790701E+00                 NaN    0.2400301398E+01    0.6597163763E+01
    0.1061954887E+04    0.4083833816E+02    0.1198114475E+02    0.1050499986E+02    0.2434451947E+01    0.2457239080E-01    0.8549619627E+00                 NaN    0.2404287816E+01    0.6594181331E+01
    0.1076602708E+04    0.4165977968E+02    0.1195741401E+02    0.1045346511E+02    0.2434339759E+01    0.2456733671E-01    0.8616848494E+00                 NaN    0.2408342876E+01    0.6591322339E+01
