7.317511398516532e-12 9.305374615321727e-08 1e-10 0.00010994144129292768
7.42440485029801e-12 9.526189295898326e-08 1.0237319971293227e-10 0.00010903781512397107
7.533923557078682e-12 9.752244371303156e-08 1.0480272019463915e-10 0.00010815764037392605
7.646150874865053e-12 9.983664212290896e-08 1.0728989804944351e-10 0.00010730863394387001
7.761161237523606e-12 1.0220576137826843e-07 1.0983610160195822e-10 0.00010647405154181046
7.87900427160455e-12 1.0463110480268525e-07 1.1244273164987188e-10 0.00010565634473782962
7.999761586097462e-12 1.0711400674543755e-07 1.1511122223459985e-10 0.00010486773001478148
8.123521572785059e-12 1.0965583323747776e-07 1.1784304143022418e-10 0.0001040977389515933
8.25034108402759e-12 1.1225798262376107e-07 1.206396921511569e-10 0.00010333953941252597
8.380298825129992e-12 1.149218864975656e-07 1.2350271297897053e-10 0.00010260749601958057
8.513495118602109e-12 1.1764901048707303e-07 1.2643367900885102e-10 0.00010189785699049767
8.650000860957427e-12 1.2044085490484145e-07 1.2943420271613874e-10 0.00010119733964980557
8.789891072524305e-12 1.232989556759125e-07 1.325059348434343e-10 0.00010051825726334663
8.933271983029749e-12 1.262248852655385e-07 1.3565056530875693e-10 9.986305542459921e-05
9.080232034658193e-12 1.2922025339418656e-07 1.3886982413525534e-10 9.921761192405279e-05
9.230845650486544e-12 1.3228670793450288e-07 1.4216548240298272e-10 9.858861676819329e-05
9.385221676951934e-12 1.3542593596791817e-07 1.455393532232591e-10 9.798300232024072e-05
9.543466166209151e-12 1.386396645965499e-07 1.4899329273615697e-10 9.73897917642157e-05
9.705658374741666e-12 1.4192966181882314e-07 1.525292011316598e-10 9.680851919554856e-05
9.871909279480448e-12 1.452977376800543e-07 1.5614902369505418e-10 9.62497086996645e-05
1.0042343272488448e-11 1.4874574521290422e-07 1.5985475187713175e-10 9.570676007797808e-05
1.021705251283797e-11 1.5227558132048828e-07 1.636484243897884e-10 9.517239248260721e-05
1.0396145954061773e-11 1.5588918796791518e-07 1.6753212832762505e-10 9.465684921176881e-05
1.0579757717536224e-11 1.59588553276603e-07 1.7150800031616554e-10 9.415905413528213e-05
1.0767997866656984e-11 1.6337571246499288e-07 1.7557822768732466e-10 9.366877844416933e-05
1.0960975530885434e-11 1.6725274904012666e-07 1.797450496827718e-10 9.319387512116625e-05
1.115883288935007e-11 1.7122179605055566e-07 1.8401075868585327e-10 9.273734286148357e-05
1.1361700581065103e-11 1.7528503711880582e-07 1.883777014827504e-10 9.228923834868871e-05
1.1569691749041771e-11 1.7944470762414483e-07 1.9284828055356744e-10 9.18532514394592e-05
1.1782958423926542e-11 1.8370309609891933e-07 1.974249553940595e-10 9.143633780361269e-05
1.2001656511948888e-11 1.880625453864425e-07 2.0211024386872799e-10 9.103048708532649e-05
1.2225911347635134e-11 1.925254538306056e-07 2.069067235960273e-10 9.063329845835427e-05
1.2455875264435967e-11 1.9709427676729917e-07 2.118170333664458e-10 9.025215118917205e-05
1.2691718030527383e-11 2.0177152784630084e-07 2.168438745942399e-10 8.988388052942969e-05
1.2933583193060252e-11 2.0655978027391866e-07 2.2199001280362164e-10 8.95224493327192e-05
1.3181626452870674e-11 2.1146166835160762e-07 2.2725827915021545e-10 8.91748289240558e-05
1.3436032381805524e-11 2.1647988897855893e-07 2.3265157197862317e-10 8.884136821854865e-05
1.3696967169988305e-11 2.2161720298333467e-07 2.381728584169522e-10 8.85141432841764e-05
1.3964592843098244e-11 2.2687643668579985e-07 2.438251760091859e-10 8.819907763456948e-05
1.4239114798605564e-11 2.3226048358530765e-07 2.4961163438629245e-10 8.790010296179004e-05
1.4520731758685273e-11 2.3777230581698926e-07 2.5553541697699354e-10 8.760896742660182e-05
1.4809618428460743e-11 2.434149357333955e-07 2.6159978275913177e-10 8.7326638144607e-05
1.5105982858506e-11 2.491914777441314e-07 2.678080680526029e-10 8.705766617479845e-05
1.5410042472701983e-11 2.55105109947629e-07 2.741636883548367e-10 8.679807257945807e-05
1.5721991419834703e-11 2.611590857681906e-07 2.806701402198382e-10 8.654528970891226e-05
1.6042047026982353e-11 2.673567359020307e-07 2.87331003181822e-10 8.630460214853955e-05
1.6370449755098612e-11 2.7370147014797296e-07 2.941499417244984e-10 8.607469788605627e-05
1.67074179381788e-11 2.8019677913491736e-07 3.0113070729709453e-10 8.585016810563701e-05
1.7053182412129237e-11 2.868462363440964e-07 3.082771403782202e-10 8.563770724451708e-05
1.740801943985615e-11 2.9365350015930533e-07 3.155931725887118e-10 8.543876321285886e-05
1.7772187481177702e-11 3.006223157223786e-07 3.2308282885462097e-10 8.524580334459827e-05
1.8145932233877887e-11 3.077565170066798e-07 3.3075022962153226e-10 8.506157461820675e-05
1.852953445113859e-11 3.1506002907301643e-07 3.385995931214333e-10 8.488830079546675e-05
1.8923277663123616e-11 3.225368701175192e-07 3.466352376933809e-10 8.472219475209635e-05
1.932743022897407e-11 3.301911536138593e-07 3.5486158415924234e-10 8.456302957578118e-05
1.9742291331434704e-11 3.3802709074305997e-07 3.632831582558163e-10 8.441430530027952e-05
2.0168177317296945e-11 3.460489926581521e-07 3.7190459312467466e-10 8.427383769910484e-05
2.0605382952995333e-11 3.5426127272712385e-07 3.807306318610913e-10 8.4138772602512e-05
2.1054235045617718e-11 3.6266844910948223e-07 3.8976613012346386e-10 8.401565562455172e-05
2.151510547206538e-11 3.7127514726939597e-07 3.9901605880466105e-10 8.39038174545612e-05
2.198833759934735e-11 3.8008610235559195e-07 4.084855067667669e-10 8.379730823462895e-05
2.247427669303648e-11 3.8910616188269554e-07 4.181796836407258e-10 8.369910245108973e-05
2.297330041238452e-11 3.9834028850079726e-07 4.281039226924286e-10 8.360985795651302e-05
2.3485786249180487e-11 4.0779356259293564e-07 4.3826368375681694e-10 8.352665955907756e-05
2.401210869823128e-11 4.174711850546549e-07 4.4866455624162013e-10 8.345045402793292e-05
2.4552676972393732e-11 4.273784803091774e-07 4.59312262202375e-10 8.338323854993264e-05
2.5107912725972057e-11 4.375208991432356e-07 4.702126594904245e-10 8.332257194634708e-05
2.5678221935119788e-11 4.479040216123231e-07 4.813717449756223e-10 8.326788384534105e-05
2.6264065201004497e-11 4.585335602869682e-07 4.927956578455208e-10 8.322509206201755e-05
2.6865944626601943e-11 4.694153633645145e-07 5.044906829828534e-10 8.319169325465434e-05
2.748432570035098e-11 4.805554177308292e-07 5.164632544231724e-10 8.316379466270972e-05
2.8119690829845828e-11 4.919598523845483e-07 5.287199588945438e-10 8.314349382468034e-05
2.877254972536471e-11 5.036349418579766e-07 5.412675394412447e-10 8.313066381459789e-05
2.944341497977095e-11 5.155871095295897e-07 5.541128991334599e-10 8.312357359324342e-05
3.0132810145863113e-11 5.278229311988985e-07 5.672631048650157e-10 8.312337931362845e-05
3.0841294435612876e-11 5.403491388248077e-07 5.807253912412429e-10 8.313102090689267e-05
3.1569437598994483e-11 5.531726241065436e-07 5.945071645591049e-10 8.314421700245741e-05
3.231780617480901e-11 5.663004422306754e-07 6.086160068817833e-10 8.316434353468551e-05
3.308704763678494e-11 5.797398159344566e-07 6.230596802099615e-10 8.319640847064146e-05
3.387784260697791e-11 5.934981393927737e-07 6.37846130752101e-10 8.323644842168255e-05
3.469083213792297e-11 6.075829821582486e-07 6.529834932960595e-10 8.328243996390097e-05
3.552668624154648e-11 6.220020934918555e-07 6.684800956844567e-10 8.333526954765906e-05
3.638609773341129e-11 6.367634066211748e-07 6.843444633962495e-10 8.339465739673172e-05
3.7269773544590334e-11 6.518750429737523e-07 7.005853242370371e-10 8.34599647413158e-05
3.8178444227241653e-11 6.673453167369504e-07 7.17211613140676e-10 8.353196084796997e-05
3.9112876004333464e-11 6.831827395063907e-07 7.342324770848473e-10 8.361099502217359e-05
4.007384803068826e-11 6.993960248297319e-07 7.516572801232804e-10 8.369515438449516e-05
4.106215736002869e-11 7.159940930150342e-07 7.694956085374005e-10 8.378750063895193e-05
4.207871251938646e-11 7.329860762028011e-07 7.877572761102365e-10 8.389187960068588e-05
4.3124439884087846e-11 7.503813232537797e-07 8.064523295254876e-10 8.400329059552699e-05
4.420023110768503e-11 7.681894048112126e-07 8.25591053894722e-10 8.412112148151794e-05
4.530701273011692e-11 7.864201187431305e-07 8.451839784157459e-10 8.424509216417667e-05
4.64457345654521e-11 8.050834954810227e-07 8.652418821652579e-10 8.437531378717062e-05
4.7617380939963606e-11 8.24189803430458e-07 8.857758000289736e-10 8.451181170498749e-05
4.882296838209369e-11 8.437495547478084e-07 9.067970287724846e-10 8.465476051738542e-05
5.006355124550869e-11 8.637735111477173e-07 9.283171332561914e-10 8.480434403875775e-05
5.1340204479214e-11 8.842726896817442e-07 9.503479527977284e-10 8.495901494657861e-05
5.265405497417496e-11 9.05258368877622e-07 9.729016076853817e-10 8.512341158820764e-05
5.4006374759248764e-11 9.267420950703305e-07 9.959905058460847e-10 8.52998872217259e-05
5.5398429434930165e-11 9.487356885769795e-07 1.0196273496716563e-09 8.548294548823003e-05
5.6831464855236186e-11 9.712512501822143e-07 1.043825143007043e-09 8.567272459852122e-05
5.830675903645335e-11 9.943011679557814e-07 1.0685971983044009e-09 8.586809624380008e-05
5.98256249833113e-11 1.0178981239835498e-06 1.093957143946963e-09 8.606996356792602e-05
6.138943833530494e-11 1.042055101273081e-06 1.1199189317467143e-09 8.627842470391464e-05
6.299961005245136e-11 1.0667853910386562e-06 1.1464968446200017e-09 8.649313547065999e-05
6.465759725167001e-11 1.0921025999910337e-06 1.173705504445301e-09 8.671437339228085e-05
6.636489082912425e-11 1.1180206576921805e-06 1.201559880107467e-09 8.69411090238026e-05
6.812308830175561e-11 1.1445538243580351e-06 1.2300752957328866e-09 8.717926218383917e-05
6.993396449792956e-11 1.1717166987743357e-06 1.25926743912007e-09 8.742933913528089e-05
7.179925460199903e-11 1.1995242261211775e-06 1.289152370370317e-09 8.768611793756386e-05
7.372069910963771e-11 1.227991706251688e-06 1.3197465307232048e-09 8.794959542920195e-05
7.570005913833746e-11 1.2571348022280656e-06 1.3510667516017612e-09 8.821834601259015e-05
7.77391618009889e-11 1.2869695488403177e-06 1.3831302638722978e-09 8.849425026330822e-05
7.983992786426154e-11 1.317512361399656e-06 1.4159547073239942e-09 8.877691070049621e-05
8.200431211216995e-11 1.348780044904586e-06 1.4495581403734583e-09 8.906570100339371e-05
8.423433437671361e-11 1.380789803226162e-06 1.4839590499995873e-09 8.936106995341914e-05
8.653206915985774e-11 1.4135592484672902e-06 1.5191763619142097e-09 8.966290088609929e-05
8.889978110153821e-11 1.4471064108432753e-06 1.5552294509740925e-09 8.997782944916389e-05
9.133993464901242e-11 1.4814497486019376e-06 1.5921381518400478e-09 9.030418854703068e-05
9.385491803426675e-11 1.5166081579592244e-06 1.6299227698890009e-09 9.063798014902728e-05
9.644715259868693e-11 1.552600983623478e-06 1.6686040923850244e-09 9.097802575808465e-05
9.911906627281074e-11 1.589448029501109e-06 1.7082033999154814e-09 9.132333026779082e-05
1.0187321173635276e-10 1.6271695694991973e-06 1.7487424780985746e-09 9.167663901835671e-05
1.0471226069748401e-10 1.665786358693391e-06 1.7902436295687346e-09 9.203668106369718e-05
1.0763891757059265e-10 1.7053196448557783e-06 1.8327296862464475e-09 9.240284779313974e-05
1.1065598576106626e-10 1.7457911800591708e-06 1.876224021899273e-09 9.277574270490893e-05
1.1376635745849577e-10 1.787223232578819e-06 1.9207505650009533e-09 9.315655606208543e-05
1.1697323534848566e-10 1.8296385993715645e-06 1.9663338118957003e-09 9.355203371882747e-05
1.2028002211890799e-10 1.8730606185356715e-06 2.0129988402748988e-09 9.395833253663852e-05
1.2369001533971259e-10 1.917513181944741e-06 2.0607713229736326e-09 9.437278625608185e-05
1.2720656304528654e-10 1.963020748573363e-06 2.1096775420946334e-09 9.479289065038685e-05
1.3083301682465186e-10 2.009608357962482e-06 2.1597444034674195e-09 9.521863729541468e-05
1.3457294622490724e-10 2.057301643926403e-06 2.210999451450579e-09 9.565312423284846e-05
1.384300489897917e-10 2.1061268487003074e-06 2.263470884085338e-09 9.609418867055736e-05
1.4240806232367353e-10 2.1561108374508534e-06 2.3171875686087563e-09 9.654152127917859e-05
1.465108754318963e-10 2.2072811129596465e-06 2.3721790573350812e-09 9.699575055891222e-05
1.5074252553116094e-10 2.2596658307430593e-06 2.4284756039139967e-09 9.745981053240793e-05
1.551075225832259e-10 2.313293814787277e-06 2.486108179974714e-09 9.793984843478763e-05
1.5961053847805104e-10 2.368194573229361e-06 2.545108492165059e-09 9.843007481476524e-05
1.6425613170265964e-10 2.4243983144323998e-06 2.6055089995949347e-09 9.892891907139153e-05
1.690489052675325e-10 2.4819359638062746e-06 2.667342931693746e-09 9.943276088280925e-05
1.7399349315846672e-10 2.5408391807938157e-06 2.7306443064916213e-09 9.994305425493074e-05
1.7909487584044389e-10 2.601140376258914e-06 2.7954479493344816e-09 0.00010046248887749091
1.8435814708714195e-10 2.662872730370646e-06 2.861789512043258e-09 0.00010098826202147212
1.89788466052439e-10 2.7260702108959425e-06 2.9297054925277947e-09 0.00010152064401818575
1.953912179789936e-10 2.7907675917933894e-06 2.999233254866225e-09 0.00010206001678270256
2.0117204472308278e-10 2.8570004724012513e-06 3.0704110498608793e-09 0.00010261156462608896
2.0713726056259293e-10 2.924805297257854e-06 3.1432780360820175e-09 0.00010317997957941064
2.132932488601243e-10 2.9942193758725046e-06 3.2178743014109794e-09 0.00010375804977760102
2.1964630684204085e-10 3.0652809031767215e-06 3.2942408850945853e-09 0.00010434479681760071
2.2620273340557937e-10 3.1380289807144926e-06 3.3724198003229476e-09 0.00010493592328131429
2.3296894601185983e-10 3.2125036381247417e-06 3.452454057343082e-09 0.00010553465780907973
2.3995186343412794e-10 3.2887458551798234e-06 3.534387687121067e-09 0.00010614255500439501
2.471584750512691e-10 3.3667975843611963e-06 3.6182657655657367e-09 0.00010675647653484798
2.5459589800361553e-10 3.446701773957959e-06 3.7041344383272688e-09 0.00010737754642619896
2.622715666096101e-10 3.5285023916168133e-06 3.792040946184277e-09 0.00010800565990711008
2.701933757574114e-10 3.6122444486697792e-06 3.8820336510333955e-09 0.00010864863479658431
2.7837010464443966e-10 3.6979740250845056e-06 3.974162062495655e-09 0.00010930874282539133
2.8681044611279484e-10 3.7857382944370997e-06 4.068476865154264e-09 0.00010997830723915672
2.9552307811987384e-10 3.875585549905947e-06 4.16502994643882e-09 0.00011065605325918778
3.0451659327252865e-10 3.967565230945566e-06 4.26387442517125e-09 0.00011133771302804437
3.1379989156831807e-10 4.061727950508895e-06 4.3650646807892056e-09 0.00011202837434516013
3.233825310769475e-10 4.158125522941394e-06 4.468656383263003e-09 0.0001127278044244179
3.3327407460080815e-10 4.2568109924629845e-06 4.5747065237225295e-09 0.00011343292796391355
3.4348433390560977e-10 4.35783866237728e-06 4.683273445811006e-09 0.00011414563677832374
3.5402354667001454e-10 4.461264124895671e-06 4.794416877782826e-09 0.00011486607221255747
3.649027659100875e-10 4.56714429195089e-06 4.908197965363143e-09 0.0001156039758190523
3.761341064313073e-10 4.675537426597215e-06 5.024679305387288e-09 0.00011635843247756381
3.877293956276481e-10 4.786503174613983e-06 5.143924980238508e-09 0.00011712285979929583
3.9970054009623683e-10 4.900102597479808e-06 5.266000593102978e-09 0.00011789424141741936
4.12059248169996e-10 5.01639820597066e-06 5.390973304061509e-09 0.00011866938548736276
4.248178738365363e-10 5.135453994695264e-06 5.5189118670377514e-09 0.00011945496443502656
4.379895430395748e-10 5.257335477339424e-06 5.649886667623276e-09 0.0001202485468453022
4.515873168886321e-10 5.382109722610408e-06 5.783969761800311e-09 0.0001210475598479754
4.656247101689583e-10 5.50984539121428e-06 5.9212349155834435e-09 0.00012185447046950052
4.801158106697708e-10 5.64061277361472e-06 6.0617576456021136e-09 0.00012267054266079866
4.950760735471573e-10 5.774483829018932e-06 6.205615260646193e-09 0.0001235064427562375
5.10522092992921e-10 5.911532224904511e-06 6.352886904197529e-09 0.0001243577329775284
5.264699871057267e-10 6.05183337708908e-06 6.503653597970858e-09 0.00012521974917158288
5.429359953107011e-10 6.1954644914404074e-06 6.65799828648801e-09 0.0001260870457835828
5.599360881891284e-10 6.342504606284677e-06 6.816005882709978e-09 0.00012695848364511898
5.774874119180538e-10 6.493034636227632e-06 6.977763314751897e-09 0.00012784150546856434
5.95607892912994e-10 6.64713741660275e-06 7.143359573706682e-09 0.00012873153405290103
6.143153589502882e-10 6.804897748882628e-06 7.3128857626036086e-09 0.00012962691521665307
6.336284061423751e-10 6.966402447524162e-06 7.486435146528782e-09 0.0001305303932975105
6.535664354122604e-10 7.131740387747398e-06 7.664103203935062e-09 0.00013144523836149734
6.741509991390649e-10 7.301002554812101e-06 7.84598767916968e-09 0.00013238187954488814
6.954046842838123e-10 7.4742820938103495e-06 8.032188636248435e-09 0.00013333261395039576
7.173494925640286e-10 7.651674360534228e-06 8.222808513906061e-09 0.00013429436725025367
7.400074601507975e-10 7.833276974093621e-06 8.417952181953051e-09 0.00013525971452159232
7.634004266446108e-10 8.019189870587315e-06 8.617726998969937e-09 0.00013623033953968217
7.875521457410968e-10 8.209515358671005e-06 8.822242871370775e-09 0.00013721300402608861
8.124869963325804e-10 8.40435817552086e-06 9.031612313868335e-09 0.00013820166327437698
8.382293184221103e-10 8.603825544297614e-06 9.245950511374211e-09 0.00013919593411461582
8.648046666670933e-10 8.808027233511788e-06 9.465375382368003e-09 0.00014019835461727797
8.922398118888235e-10 9.017075617434267e-06 9.69000764377032e-09 0.0001412151293693345
9.205646915160952e-10 9.231085738333717e-06 9.919970877355393e-09 0.00014225510103156735
9.498099039651976e-10 9.450175369274172e-06 1.0155391597739755e-08 0.00014330797162499565
9.800055058391484e-10 9.674465078707053e-06 1.0396399321984463e-08 0.00014437157180387814
1.0111812934065223e-09 9.90407829672462e-06 1.0643126640849089e-08 0.000145437238637515
1.0433672363663767e-09 1.0139141383169062e-05 1.0895709291736737e-08 0.0001465100260143151
1.0765961247232812e-09 1.0379783697986762e-05 1.1154286233370169e-08 0.00014759464509814528
1.1109010235352543e-09 1.0626137671625962e-05 1.141899972224015e-08 0.00014868426848686173
1.1463151982816596e-09 1.0878338877884667e-05 1.1689995390868087e-08 0.00014978028481399717
1.1828737009826951e-09 1.1136526109125345e-05 1.1967422327925966e-08 0.00015088424582191458
1.22061358038991e-09 1.1400841452596412e-05 1.2251433160257696e-08 0.00015200634040066753
1.2595762127593556e-09 1.1671430369001084e-05 1.254218413684702e-08 0.00015315224795000088
1.2998029313336294e-09 1.1948441771821071e-05 1.2839835214778106e-08 0.000154310311377908
1.3413347743991278e-09 1.2232028109252894e-05 1.31445501472362e-08 0.0001554780801879765
1.384211959862765e-09 1.2522345447590495e-05 1.3456496573596647e-08 0.00015664676251276883
1.4284757674338725e-09 1.281955355785463e-05 1.3775846111651981e-08 0.0001578249806730941
1.4741712464717764e-09 1.3123816004644853e-05 1.4102774452027695e-08 0.00015901417277708368
1.5213431815620888e-09 1.3435300234714683e-05 1.4437461454838703e-08 0.00016020749922473826
1.5700371093262825e-09 1.3754177669483562e-05 1.478009124863964e-08 0.0001614082183184619
1.6203010069061576e-09 1.4080623800242192e-05 1.5130852331723484e-08 0.000162617233079968
1.6721863063881e-09 1.4414818284532538e-05 1.5489937675824148e-08 0.00016384845439512322
1.7257498557109756e-09 1.4756945045301749e-05 1.5857544832280197e-08 0.0001651030483112612
1.7810474583494643e-09 1.5107192371288686e-05 1.623387604071797e-08 0.00016637000247297955
1.8381350153414633e-09 1.5465753020714338e-05 1.661913834031407e-08 0.00016764470263090013
1.8970668255326e-09 1.5832824326370784e-05 1.7013543683698217e-08 0.00016891979935940155
1.9578999283483308e-09 1.620860830595553e-05 1.7417309053559348e-08 0.00017020713472539132
2.0206958801657832e-09 1.6593311773912817e-05 1.7830656582018945e-08 0.00017150400667872987
2.0855153304724795e-09 1.6987146453072934e-05 1.8253813672837355e-08 0.00017280440502872408
2.1524206931217266e-09 1.739032909228614e-05 1.868701312652032e-08 0.00017411311554045306
2.2214775934473235e-09 1.780308158674897e-05 1.9130493268394517e-08 0.0001754317363709728
2.292757523787693e-09 1.8225631099690217e-05 1.958449807972258e-08 0.00017677643471899115
2.3663381019556098e-09 1.8658210187522572e-05 2.004927733192978e-08 0.00017814291952532392
2.4422948288597663e-09 1.910105692710754e-05 2.052508672401613e-08 0.00017952311093380563
2.5207035058149954e-09 1.9554415046511197e-05 2.101218802322958e-08 0.00018090813581316003
2.6016376267847106e-09 2.001853405791706e-05 2.151084920907765e-08 0.00018229398935685253
2.6851761511648027e-09 2.0493669398134134e-05 2.202134462075677e-08 0.00018369456800250279
2.7714027343126303e-09 2.098008256886248e-05 2.2543955108080394e-08 0.00018510286821624787
2.8603995862969095e-09 2.147804127785422e-05 2.307896818598894e-08 0.0001865145163514159
2.9522523089687425e-09 2.198781958856712e-05 2.3626678192726558e-08 0.00018793529749763403
3.047050741485619e-09 2.2509698071932857e-05 2.4187386451771773e-08 0.00018936888123371947
3.144894198142919e-09 2.3043963960046188e-05 2.4761401437611037e-08 0.00019083200785354056
3.245888041499531e-09 2.359091130421512e-05 2.5349038945446426e-08 0.00019231510190351506
3.3501347183899825e-09 2.4150841136446333e-05 2.595062226493085e-08 0.00019381268875854485
3.4577365161281316e-09 2.4724061633785744e-05 2.656648235802632e-08 0.00019531220996132063
3.5687933209927408e-09 2.5310888287179974e-05 2.71969580410832e-08 0.0001968143076938738
3.683414394877646e-09 2.5911644080110694e-05 2.78423961712405e-08 0.0001983326301897023
3.8017129136907385e-09 2.6526659663962147e-05 2.850315183724984e-08 0.0001998568558344309
3.923800499546886e-09 2.7156273537238235e-05 2.9179588554828105e-08 0.0002013848753626381
4.049794537469392e-09 2.7800832235877494e-05 2.98720784666461e-08 0.00020292264697105306
4.179818263513609e-09 2.846069052424293e-05 3.0581002547063444e-08 0.00020447740315048075
4.3140093240133835e-09 2.913621158942927e-05 3.130675081172216e-08 0.00020606449832115674
4.4525100783628225e-09 2.9827767241011125e-05 3.204972253211437e-08 0.00020766983612359723
4.595459773507389e-09 3.05357381158397e-05 3.281032645524209e-08 0.00020928953707231867
4.742995977044509e-09 3.1260513884257605e-05 3.358898102849004e-08 0.00021090861770892686
4.89525511544109e-09 3.2002493465525416e-05 3.4386114629835036e-08 0.00021253338550178747
5.0523879272313134e-09 3.276208525418495e-05 3.520216580351883e-08 0.0002141745592316816
5.214547106216634e-09 3.353970733902848e-05 3.6037583501313886e-08 0.00021582002630610606
5.38188453009647e-09 3.4335787731504235e-05 3.689282732951479e-08 0.00021747058306221907
5.55456097330663e-09 3.515076460742644e-05 3.7768367801791434e-08 0.00021913109600716949
5.732746004188695e-09 3.5985086546857214e-05 3.866468659804275e-08 0.00022081408432538926
5.916629671815152e-09 3.6839212780106385e-05 3.958227682939365e-08 0.00022253120213699046
6.106403699778597e-09 3.771361344040817e-05 4.0521643309480884e-08 0.00022426529856196657
6.302257404523907e-09 3.860876982311175e-05 4.1483302832176914e-08 0.0002260125425890452
6.504375502963006e-09 3.952517464460845e-05 4.246778445590496e-08 0.00022775722963002084
6.7129452533234895e-09 4.046333231802689e-05 4.347562979470118e-08 0.00022951174911892583
6.9281736151523755e-09 4.142375923869905e-05 4.450739331618453e-08 0.0002312817093704834
7.150266349337769e-09 4.2406984057910306e-05 4.556364264659785e-08 0.00023305459813901727
7.379430627839164e-09 4.341354797486985e-05 4.66449588830884e-08 0.0002348347088099458
7.615886131940273e-09 4.444400504291666e-05 4.775193691339922e-08 0.00023662475915274008
7.859867101056617e-09 4.5498922470649906e-05 4.8885185743147606e-08 0.0002384438447419454
8.111634576834103e-09 4.6578880933663283e-05 5.004532883087039e-08 0.00024029742232872637
8.371446400190112e-09 4.768447489455282e-05 5.123300443102061e-08 0.00024216775817310657
8.639559591677046e-09 4.8816312929807414e-05 5.2448865945104164e-08 0.00024404871393541097
8.916222247006515e-09 4.997501805598662e-05 5.36935822811496e-08 0.0002459261243670815
9.201692476229198e-09 5.11612280830777e-05 5.4967838221708896e-08 0.00024781810427835105
9.496252778870848e-09 5.237559597234444e-05 5.6272334800591557e-08 0.0002497235148734129
9.800180457971087e-09 5.3618790179956495e-05 5.760778968853947e-08 0.00025163090319252265
1.0113758724229625e-08 5.489149503085556e-05 5.8974937588054516e-08 0.00025354755534797655
1.0437287208540473e-08 5.619441110526605e-05 6.037453063759621e-08 0.0002554758346271084
1.0771090433614557e-08 5.752825561712341e-05 6.180733882537185e-08 0.00025743960814360957
1.1115524786210799e-08 5.889376280927056e-05 6.327415041294663e-08 0.0002594363016910059
1.1470937381676818e-08 6.0291684359220974e-05 6.477577236890702e-08 0.0002614514315740429
1.1837675924612257e-08 6.172278978955819e-05 6.631303081281556e-08 0.00026347303425755265
1.2216074436325636e-08 6.318786688124233e-05 6.7886771469702e-08 0.00026549144861234006
1.26064896463274e-08 6.468772212621721e-05 6.949786013533993e-08 0.0002675290448409843
1.3009304847678916e-08 6.622318117311505e-05 7.114718315256589e-08 0.00026957729796089783
1.342489422054982e-08 6.779508926145474e-05 7.283564789890197e-08 0.00027162719315392843
1.3853645395641462e-08 6.940431170043508e-05 7.456418328575106e-08 0.00027368814735486205
1.4295967030794763e-08 7.10517343547522e-05 7.633374026943878e-08 0.00027576437229105645
1.4752309047454117e-08 7.273826412131186e-05 7.814529237438356e-08 0.0002778820388416686
1.5223154968917103e-08 7.446482943033818e-05 7.999983622868253e-08 0.00028002999804273835
1.570897352836798e-08 7.623238076010846e-05 8.18983921124079e-08 0.0002821982336291164
1.621023271110916e-08 7.804189114992734e-05 8.384200451891571e-08 0.0002843682186009523
1.672738418661449e-08 7.989435672769143e-05 8.583174272947527e-08 0.0002865371932723252
1.7260921222423225e-08 8.179079728789588e-05 8.786870140153592e-08 0.0002887287823464671
1.781136110842427e-08 8.373225684363876e-05 8.99540011709545e-08 0.0002909279992893276
1.8379209766398924e-08 8.571980417964488e-05 9.208878926851466e-08 0.000293129376795918
1.8964997844469627e-08 8.775453346454738e-05 9.427424015107785e-08 0.00029534322397532445
1.9569283525266153e-08 8.98375648588419e-05 9.651155614771229e-08 0.0002975779758736296
2.0192689780162632e-08 9.197004511757015e-05 9.880196812115626e-08 0.000299859213566442
2.0835869080175907e-08 9.415314822574184e-05 1.0114673614497896e-07 0.0003021680236202593
2.1499455854225434e-08 9.638807605048282e-05 1.0354715019681197e-07 0.0003044974830127544
2.2184077507598324e-08 9.867605898102769e-05 1.0600453086803225e-07 0.0003068244334923267
2.289034802283778e-08 0.0001010183566064592 1.0852023009028758e-07 0.0003091547639645853
2.3618947868709918e-08 0.00010341625845006024 1.1109563187926369e-07 0.0003115088415303596
2.4370572686031035e-08 0.0001058710846509846 1.1373215309610267e-07 0.000313867879140292
2.514590816341118e-08 0.00010838418667377238 1.1643124422689107e-07 0.0003162307339757856
2.594568003950343e-08 0.00011095694808918209 1.1919439018064711e-07 0.0003186068279437009
2.6770652875333185e-08 0.00011359078533211603 1.2202311110624555e-07 0.00032101147795019104
2.7621686601429865e-08 0.0001162871484666907 1.2491896322873003e-07 0.00032346626390908557
2.8499657996199996e-08 0.00011904752199190821 1.278835397054722e-07 0.0003259462350093619
2.9405426577905415e-08 0.00012187342566533645 1.3091847150265007e-07 0.00032844559537595526
3.0339831632140055e-08 0.0001247664153028233 1.3402542829252627e-07 0.00033093900984457745
3.130371236384275e-08 0.00012772808365311245 1.3720611937202076e-07 0.0003334419321392169
3.229800308027128e-08 0.0001307600613239317 1.4046229460308302e-07 0.0003359677472210031
3.332363770591447e-08 0.00013386401762505797 1.4379574537538147e-07 0.00033849621323615874
3.438154803715361e-08 0.00013704166148327765 1.4720830559183883e-07 0.00034103160574189723
3.547272440484283e-08 0.00014029474243402074 1.507018526775568e-07 0.00034357999042899717
3.659821822619852e-08 0.00014362505156466574 1.5427830861268416e-07 0.00034616660389688917
3.775921092471725e-08 0.00014703442248888845 1.579396409897971e-07 0.00034880500312923466
3.895687770617049e-08 0.00015052473236834885 1.6168786409637323e-07 0.0003514672673917966
4.0192382326063966e-08 0.00015409790294803843 1.6552504002295465e-07 0.0003541457770833312
4.146684710160454e-08 0.00015775590156087447 1.6945327979761046e-07 0.00035681616128482407
4.2781424651934545e-08 0.00016150074225870702 1.7347474454732168e-07 0.00035950330681940105
4.4137390159787067e-08 0.00016533448696949413 1.7759164668692866e-07 0.0003622107105599122
4.553599717361354e-08 0.0001692592465465583 1.8180625113629453e-07 0.0003649189902443375
4.697851525594874e-08 0.00017327718195166757 1.8612087656635397e-07 0.0003676376529441862
4.846629206625928e-08 0.00017739050550691018 1.9053789667473372e-07 0.00037037041055665336
5.000077947163946e-08 0.00018160148207087978 1.9505974149164562e-07 0.000373151626164965
5.158359077022399e-08 0.0001859124302810114 1.9968889871677178e-07 0.0003759835367789248
5.321630067256841e-08 0.0001903257238499705 2.0442791508787582e-07 0.0003788402147485996
5.49004808484436e-08 0.00019484379285912277 2.0927939778189467e-07 0.00038170772020323896
5.663763459562226e-08 0.00019946912503167154 2.1424601584928097e-07 0.00038456670838852864
5.842935054118361e-08 0.000204204267193933 2.1933050168238492e-07 0.0003874499112482433
6.027735788493991e-08 0.00020905182670658974 2.2453565251868417e-07 0.0003903493122194783
6.218334084676507e-08 0.00021401447278464087 2.298643319796882e-07 0.0003932486082776683
6.414903206872007e-08 0.0002190949380272171 2.3531947164636378e-07 0.0003961612697975685
6.617626359386464e-08 0.0002242960199870629 2.40904072671949e-07 0.00039909212356600257
6.826704411825706e-08 0.00022962058264375105 2.4662120743304184e-07 0.0004020810014851353
7.042356202669408e-08 0.0002350715579877431 2.524740212198728e-07 0.0004051166339508557
7.264793251566484e-08 0.0002406519476656601 2.584657339666914e-07 0.0004081803017846597
7.494226788832736e-08 0.000246364824585835 2.645996420232172e-07 0.0004112472918417215
7.730858952597771e-08 0.00025221333455015455 2.70879119968132e-07 0.000414307801807407
7.974909015527554e-08 0.00025820069813421796 2.773076224656092e-07 0.0004173988080211837
8.226610038537553e-08 0.00026433021244046123 2.838886861659023e-07 0.0004205011727696879
8.486188734407931e-08 0.0002706052527811678 2.9062593165103864e-07 0.00042360356017057875
8.753881693303306e-08 0.0002770292746517419 2.9752306542668775e-07 0.00042672168616242394
9.029938167302075e-08 0.00028360581568406985 3.045838819613012e-07 0.00042986514397453057
9.314635954795552e-08 0.00029033849750416814 3.1181226577364474e-07 0.0004330749760481079
9.608270033913097e-08 0.0002972310277505059 3.1921219356987246e-07 0.0004363270401583434
9.911125371933847e-08 0.00030428720215864815 3.2678773643131746e-07 0.00043960853427241735
1.0223484476332676e-07 0.0003115109065469677 3.3454306205420325e-07 0.00044288620476436836
1.0545620572243258e-07 0.0003189061189301356 3.4248243704250843e-07 0.00044616261623019903
1.0877835926878877e-07 0.00032647691192111547 3.506102292552446e-07 0.00044947273499502846
1.122044318067509e-07 0.00033422745486403867 3.5893091020944125e-07 0.00045278959576122246
1.1573748240766646e-07 0.00034216201600842394 3.674490575401569e-07 0.0004561080933377869
1.193807396310941e-07 0.00035028496504307797 3.7616935751887217e-07 0.00045944381446975393
1.2313760255089259e-07 0.00035860077551096576 3.850966076316492e-07 0.0004628150669639804
1.2701190366469642e-07 0.00036711402717000565 3.942357192184754e-07 0.00046625914092593716
1.310075984839983e-07 0.0003758294085617004 4.0359172017524473e-07 0.000469741031824388
1.351285325891948e-07 0.00038475171964160403 4.131697577198619e-07 0.00047325131299984127
1.3937847241607652e-07 0.00039388587423882935 4.2297510122399263e-07 0.00047675165501285133
1.4376113225831142e-07 0.00040323690281323147 4.3301314511201535e-07 0.0004802589702720313
1.4828066147652318e-07 0.0004128099554928433 4.4328941182877264e-07 0.0004837996974408532
1.529412431542362e-07 0.00042261030466774787 4.538095548777522e-07 0.00048734316797141195
1.5774701553849528e-07 0.0004326433478250344 4.6457936193137033e-07 0.0004908918288661495
1.6270237600567315e-07 0.000442914610782952 4.75604758015068e-07 0.0004944578241964028
1.6781197690931794e-07 0.0004534297506632634 4.868918087669738e-07 0.0004980726094891718
1.7308108289370504e-07 0.0004641945589124892 4.984467237749223e-07 0.0005017639180823045
1.7851497848216983e-07 0.0004752149645671574 5.10275859992669e-07 0.0005054896391952777
1.8411885397400057e-07 0.000486497037551751 5.223857252371778e-07 0.0005092399949043697
1.8989772409159142e-07 0.000498046991746751 5.347829817689055e-07 0.0005129759105851648
1.9585666538380138e-07 0.0005098711885980312 5.474744499570557e-07 0.0005167290931035615
2.0200134014171523e-07 0.000521976140908117 5.604671120318142e-07 0.0005205124989232886
2.083373400158892e-07 0.0005343685160142816 5.737681159256329e-07 0.0005242952994887405
2.14870278585587e-07 0.0005470551395030539 5.873847792056769e-07 0.0005280885029960885
2.2160612646042518e-07 0.0005600429993036545 6.013245930995938e-07 0.0005318986430206375
2.2855128068935787e-07 0.0005733392493495841 6.155952266168245e-07 0.0005357730705952434
2.3571293020740544e-07 0.000586951213458675 6.302045307677196e-07 0.0005397239552824011
2.4309812321140605e-07 0.000600886389482419 6.451605428827854e-07 0.000543708320700126
2.5071385306580525e-07 0.0006151524534063157 6.604714910344318e-07 0.0005477103835935012
2.585668007219691e-07 0.0006297572632252862 6.761457985636604e-07 0.0005516958339639149
2.6666393425418327e-07 0.0006447088636654613 6.921920887141765e-07 0.0005557097385968978
2.7501292818363495e-07 0.0006600154908458105 7.086191893764812e-07 0.0005597481920414367
2.836212600120253e-07 0.0006756855762320387 7.254361379445467e-07 0.0005637836850023473
2.9249656065275654e-07 0.0006917277515061923 7.426521862877536e-07 0.0005678341604586323
3.0164691900830706e-07 0.0007081508536946489 7.602768058408198e-07 0.0005719053634392097
3.1108115913910025e-07 0.0007249639297071832 7.783196928145249e-07 0.0005760556886991707
3.2080902940254483e-07 0.0007421762413214695 7.967907735300943e-07 0.0005802774980271529
3.3083994050495203e-07 0.0007597972704553632 8.157002098801813e-07 0.0005845363477777155
3.4118327695270323e-07 0.0007778367242170219 8.350584049194456e-07 0.0005888021302735988
3.5184796506316366e-07 0.0007963045398826979 8.548760085878107e-07 0.0005930523202013358
3.6284359237375646e-07 0.000815210891042441 8.751639235695434e-07 0.000597341287153154
3.741804899675158e-07 0.0008345661932434397 8.959333112913823e-07 0.0006016474292608326
3.858686718271977e-07 0.0008543811090140589 9.171955980630141e-07 0.0006059496670771641
3.979185206224819e-07 0.0008746665542261155 9.389624813632729e-07 0.0006102705418402117
4.103409940289582e-07 0.0008954337044480418 9.612459362755275e-07 0.0006146205337065179
4.231482706942418e-07 0.0009166940006296672 9.840582220757915e-07 0.0006190628743959712
4.3635347488651656e-07 0.0009384591554966813 1.0074118889771804e-06 0.000623569312761441
4.4996921253150576e-07 0.0009607411602392652 1.0313197850344324e-06 0.0006281160811832455
4.640080049904892e-07 0.0009835522906850968 1.0557950632122829e-06 0.0006326580309761866
4.784818366021007e-07 0.0010069051138032786 1.0808511886215901e-06 0.000637189638633124
4.934038974030179e-07 0.0010308124956294653 1.1065019459271827e-06 0.0006417669820547559
5.087880127377324e-07 0.001055287608007042 1.1327614469315163e-06 0.0006463537032432104
5.24647622372149e-07 0.0010803439351149027 1.1596441383383023e-06 0.0006509374926768333
5.409968487545743e-07 0.0011059952817261192 1.187164809700383e-06 0.0006555423607745639
5.578505607571424e-07 0.0011322557809937083 1.2153386015562251e-06 0.0006601893234302925
5.752255370550828e-07 0.0011591399016621516 1.2441810137595128e-06 0.0006649393085737918
5.931393363831404e-07 0.001186662456251104 1.2737079140064109e-06 0.0006697457215995536
6.11608884256847e-07 0.0012148386094995003 1.3039355465652068e-06 0.0006745921318403977
6.306508144670758e-07 0.0012436838859060872 1.3348805412131139e-06 0.000679423212540194
6.502813089343985e-07 0.0012732141783312508 1.3665599223851722e-06 0.00068425414526222
6.705184547551048e-07 0.0013034457580832924 1.3989911185402641e-06 0.0006891320394226979
6.913806810269249e-07 0.0013343952829216277 1.4321919717494099e-06 0.0006940124605917822
7.12886068874561e-07 0.0013660798056850478 1.4661807475116055e-06 0.0006988934438232074
7.350537972076087e-07 0.0013985167849205917 1.500976144802619e-06 0.0007037961867201235
7.579041063601037e-07 0.0014317240943412931 1.5365973063622563e-06 0.000708758533892489
7.814600238751615e-07 0.001465720032090502 1.5730638292257703e-06 0.0007138308714478394
8.057449256269994e-07 0.00150052333118703 1.6103957755051979e-06 0.0007189527525955573
8.307815559089924e-07 0.001536153170098709 1.6486136834265602e-06 0.0007241103709753326
8.565919552539842e-07 0.0015726291820260141 1.6877385786290015e-06 0.0007292441710168022
8.831980996942121e-07 0.001609971466349107 1.7277919857320718e-06 0.0007343916300570994
9.106246499190437e-07 0.0016482006012446047 1.768795940177532e-06 0.0007395825925410835
9.388961247232491e-07 0.0016873376532413823 1.810773000352183e-06 0.0007447700505492112
9.680369129884237e-07 0.0017274041887292073 1.8537462599983955e-06 0.0007499646926662344
9.98072982690467e-07 0.0017684222874891227 1.8977393609191702e-06 0.0007551793252354565
1.0290320084648225e-06 0.0018104145541485367 1.9427765059847064e-06 0.0007604754155733958
1.0609454134673845e-06 0.001853404130182378 1.988882472447651e-06 0.0007658833659509454
1.0938442210246535e-06 0.0018974147072186942 2.036082625574338e-06 0.0007713365556209467
1.1277589658641391e-06 0.001942470540132583 2.0844029325995324e-06 0.0007768167620100196
1.1627188352427206e-06 0.0019885964586673502 2.1338699770123365e-06 0.0007822676373538576
1.198753821774668e-06 0.0020358178826695274 2.184510973181141e-06 0.0007877480780197941
1.2358973135860072e-06 0.0020841608375480286 2.2363537813256493e-06 0.000793264445973061
1.274181917212686e-06 0.0021336519659033663 2.2894269228442196e-06 0.0007987724849062756
1.3136406103772134e-06 0.002184318542908542 2.343759596004953e-06 0.00080429455225926
1.3543084355875744e-06 0.002236188493291514 2.3993816920091644e-06 0.0008098384881532844
1.3962233961746354e-06 0.0022892904052999588 2.4563238114360748e-06 0.0008154862640925105
1.439428063948708e-06 0.002343653546274658 2.514617281077763e-06 0.000821241004870809
1.4839635873034456e-06 0.002399307879588189 2.574294171173645e-06 0.0008270420159561745
1.5298708289664555e-06 0.002456284080645161 2.6353873130539706e-06 0.0008328559878663697
1.5771885024114767e-06 0.0025146135517812138 2.69793031720202e-06 0.0008386392444141499
1.6259576782802463e-06 0.0025743284424214943 2.761957591744971e-06 0.0008444678481862041
1.6762232237617444e-06 0.002635461667593109 2.8275043613835734e-06 0.0008503216127670884
1.7280285358024882e-06 0.0026980469225235597 2.894606686771076e-06 0.000856163984484135
1.781418263527652e-06 0.0027621187031103443 2.9633014843520446e-06 0.0008620258014249915
1.8364396354491547e-06 0.0028277123269032415 3.033626546672005e-06 0.0008679182321047875
1.8931449260641285e-06 0.002894863950365801 3.1056205631690615e-06 0.0008739347769924881
1.95159135794604e-06 0.00296361058904673 3.179323141458955e-06 0.0008800468574444449
2.0118336468220656e-06 0.0030339901391156616 3.2547748291252476e-06 0.0008862111598976293
2.0739261581591443e-06 0.0031060413966531053 3.3320171360266395e-06 0.0008923698821037533
2.1379204473595838e-06 0.003179804077274015 3.411092557133678e-06 0.0008985020125015739
2.203872810560197e-06 0.0032553188424929657 3.4920445959074284e-06 0.0009046919536540388
2.2718431176576826e-06 0.0033326273213951907 3.57491778823297e-06 0.0009108946654312886
2.3418892253652276e-06 0.003411772129642428 3.6597577269208792e-06 0.0009170853491378887
2.414071585705723e-06 0.0034927968964730736 3.7466110867901814e-06 0.0009232991972338092
2.488453901642576e-06 0.0035757462902075428 3.835525650346575e-06 0.0009295592032399678
2.565108006856264e-06 0.003660666039998037 3.9265503340700414e-06 0.0009359602061056277
2.644110243668451e-06 0.003747602961855362 4.019735215326333e-06 0.0009424440877891495
2.725533582426888e-06 0.0038366049858940317 4.115131559917095e-06 0.0009489813775109099
2.809449935401116e-06 0.003927721179440067 4.212791850283833e-06 0.0009554956772470705
2.8959283347493706e-06 0.004021001773423 4.3127698143812025e-06 0.0009619945820497516
2.985045785010303e-06 0.004116498196299101 4.415120455235526e-06 0.0009685561907985259
3.0768817371530807e-06 0.004214263098989973 4.51990008120479e-06 0.0009751188593457973
3.17151349325664e-06 0.004314350380408932 4.627166336956766e-06 0.000981672089878321
3.269022794238925e-06 0.004416815222652066 4.736978235182321e-06 0.0009882499145384815
3.3694957811271057e-06 0.004521714121539706 4.849396189061333e-06 0.0009948960845150494
3.473030836504617e-06 0.004629104914594643 4.964482045499085e-06 0.0010016951854411897
3.579729173278477e-06 0.004739046814466522 5.082299119151443e-06 0.001008564800790243
3.6896882485225843e-06 0.004851600443068091 5.2029122272575024e-06 0.0010154833273529965
3.8030028075439213e-06 0.004966827859420411 5.326387725298897e-06 0.0010223639315146249
3.919765833753274e-06 0.005084792595540908 5.45279354350535e-06 0.0010292466150639778
4.040082103158557e-06 0.005205559699154896 5.582199224226607e-06 0.0010361889145019205
4.164056712321186e-06 0.005329195762330276 5.714675960191259e-06 0.0010431218996416964
4.291793184756597e-06 0.005455768956358698 5.850296633673529e-06 0.0010500522044900435
4.423401745006565e-06 0.00558534907697992 5.989135856589553e-06 0.0010570051944455215
4.558999338764808e-06 0.005718007580598684 6.13127001154526e-06 0.0010640551473894426
4.698719979726062e-06 0.0058538176208680565 6.276777293858355e-06 0.001071263149528245
4.8426972297688885e-06 0.0059928540914332565 6.425737754577598e-06 0.001078531729742114
4.991061215082835e-06 0.006135193668107971 6.578233344523014e-06 0.0010858384727603946
5.143936512438478e-06 0.006280914843103371 6.734347959371248e-06 0.0010930960990148887
5.301449057753995e-06 0.006430097973910243 6.894167485810905e-06 0.001100377283266792
5.463740399306294e-06 0.0065828253356558656 7.05777984879324e-06 0.001107708455104698
5.630949348844135e-06 0.006739181154604838 7.225275059904192e-06 0.0011150213656357234
5.803214895073002e-06 0.006899251656045884 7.396745266884404e-06 0.0011223414192704536
5.980685072360359e-06 0.007063125121372661 7.572284804324435e-06 0.0011296816610329797
6.163519425458793e-06 0.007230891931150736 7.751990245563077e-06 0.0011371514812667568
6.3518991710520245e-06 0.007402644613238602 7.935960455817318e-06 0.0011447754388661006
6.5460001385363505e-06 0.007578477897339566 8.124296646573192e-06 0.0011524558267741504
6.745995652437714e-06 0.007758488766187017 8.31710243126743e-06 0.0011601563985220381
6.952049538730973e-06 0.007942776499030349 8.514483882290553e-06 0.0011678019113661013
7.164333077474322e-06 0.008131442737775833 8.716549589342735e-06 0.00117549369384765
7.383035951604681e-06 0.008324591549196564 8.923410719174614e-06 0.0011832203613390247
7.608341483843589e-06 0.008522329465806848 9.135181076745832e-06 0.0011909219725408362
7.840436588607702e-06 0.008724765551268325 9.351977167835008e-06 0.001198638566766532
8.079519527055221e-06 0.008932011470930515 9.57391826313556e-06 0.0012063824384230784
8.3258086133441e-06 0.009144181543887813 9.801126463872662e-06 0.001214285992803067
8.579546822317922e-06 0.009361392806149874 1.0033726768977416e-05 0.0012223285052851754
8.840965807033917e-06 0.009583765080180988 1.0271847143855196e-05 0.0012304332812340018
9.110295212730522e-06 0.009811421035756778 1.0515618590786006e-05 0.0012385318294375015
9.387751052973188e-06 0.010044486247501327 1.076517522099559e-05 0.0012465764216991245
9.67356674827474e-06 0.010283089283130025 1.1020654328436912e-05 0.001254687204863528
9.967994415757022e-06 0.010527361774882574 1.1282196465322638e-05 0.0012628141823437823
1.0271276402253452e-05 0.01077743847236393 1.1549945519450127e-05 0.00127091232566119
1.058366414347662e-05 0.011033457330802595 1.182404879336155e-05 0.00127903083267663
1.0905423063849286e-05 0.011295559596275343 1.2104657085382578e-05 0.001287193638932452
1.1236851878376814e-05 0.011563889870327337 1.2391924772584313e-05 0.00129554172806222
1.1578273526086422e-05 0.011838596192429354 1.2686009895714063e-05 0.0013040086654790746
1.1929994150191165e-05 0.012119830128263282 1.298707424614171e-05 0.001312541851846753
1.229231586033258e-05 0.012407746840873037 1.3295283454869444e-05 0.001321040963478811
1.2665524879110771e-05 0.012702505169572866 1.3610807083653939e-05 0.001329496375899436
1.3049939027684932e-05 0.01300426774531509 1.3933818718290973e-05 0.001338029567595644
1.3445891018854686e-05 0.013313201070047315 1.4264496064113954e-05 0.001346559599302848
1.3853701784050673e-05 0.013629475588903888 1.4603021043758743e-05 0.0013550610669873456
1.4273709180283558e-05 0.013953265807357456 1.4949579897248661e-05 0.001363585231551164
1.4706269132057097e-05 0.014284750391870599 1.530436328445475e-05 0.0013721803133259034
1.5151789243946024e-05 0.014624112252714823 1.566756638998754e-05 0.0013809797081691957
1.5610695397194456e-05 0.014971538650819238 1.6039389030578195e-05 0.001389877285109402
1.6083392985176087e-05 0.015327221308697616 1.6420035765007965e-05 0.0013988368938193468
1.6570277202754273e-05 0.015691356493519954 1.6809716006646508e-05 0.0014077375768396893
1.7071729507875674e-05 0.016064145127452214 1.720864413866097e-05 0.0014166150400496613
1.7588180690997367e-05 0.016445792934610973 1.7617039631959208e-05 0.0014255689376846772
1.8120067623345606e-05 0.016836510527439827 1.803512716593203e-05 0.001434502466390809
1.8667816129841133e-05 0.0172365135086945 1.8463136752060894e-05 0.0014434129528678745
1.923187899838401e-05 0.01764602262407923 1.8901303860459097e-05 0.001452344273594445
1.981273508454661e-05 0.01806526387884677 1.9349869549415962e-05 0.0014613822599100284
2.0410937695724337e-05 0.01849446864701327 1.9809080598015474e-05 0.0014706345602450983
2.102704486165637e-05 0.018933873808815376 2.0279189641902097e-05 0.0014799662713049137
2.1661593533262684e-05 0.01938372188780524 2.0760455312268704e-05 0.0014893470599217644
2.2315098726705453e-05 0.019844261149773692 2.1253142378142894e-05 0.0014986486986963918
2.2988071788052788e-05 0.02031574575769223 2.1757521892050065e-05 0.0015079544989785054
2.368109240480481e-05 0.020798435952880556 2.2273871339133375e-05 0.0015173251844573248
2.4394732530233656e-05 0.02129259814972455 2.2802474789812588e-05 0.0015266600277746287
2.5129558390936624e-05 0.021798505081098676 2.3343623056065867e-05 0.001535983577009413
2.5886174217866468e-05 0.022316435992935615 2.389761385142042e-05 0.0015453208272141997
2.666522730023335e-05 0.02284667677836645 2.4464751954739986e-05 0.0015548086724125163
2.746746321188396e-05 0.02338952012392731 2.504534937789947e-05 0.0015645089254148355
2.8293609918071284e-05 0.023945265685548247 2.5639725537438657e-05 0.001574275685693297
2.914437732603291e-05 0.024514220254213022 2.6248207430289776e-05 0.0015840688330290972
3.0020435531625624e-05 0.025096697878899392 2.6871129813675276e-05 0.0015937691793151553
3.092247333396108e-05 0.02569302008245202 2.750883538927507e-05 0.001603504465084839
3.185126398669845e-05 0.026303516076318374 2.8161674991764356e-05 0.0016132842797332125
3.2807555264798353e-05 0.026928522869525538 2.8830007781825826e-05 0.0016230153580212435
3.3792101496259806e-05 0.027568385474633108 2.951420144374246e-05 0.001632746250810578
3.480570535574366e-05 0.028223457149208663 3.0214632387679605e-05 0.0016424924867948511
3.5849245540726364e-05 0.02889409955244901 3.0931685956767556e-05 0.0016524324375991658
3.6923717517065666e-05 0.02958068294070699 3.1665756639098675e-05 0.0016625676482118902
3.803006941923895e-05 0.03028358639244496 3.2417248284755594e-05 0.0016727682358868802
3.916923544458961e-05 0.031003198002893056 3.3186574327989955e-05 0.0016829610877783
4.03420881626608e-05 0.03173991504620698 3.397415801467386e-05 0.001693056324159344
4.1549558058724053e-05 0.03249414427111912 3.478043263514926e-05 0.0017032156814604038
4.279266689425184e-05 0.033266302144002696 3.560584176260321e-05 0.0017133926412028723
4.407239218170556e-05 0.034056814985840456 3.6450839497100435e-05 0.001723511637441889
4.53897392373241e-05 0.034866119258971776 3.7315890715407014e-05 0.001733637885479433
4.674577211593433e-05 0.0356946618581055 3.8201471326743174e-05 0.0017437953586968743
4.814168484484816e-05 0.03654290029942953 3.910806853460534e-05 0.0017541836048827724
4.957879319392109e-05 0.03741130298000411 4.0036181104801946e-05 0.0017647364535513723
5.1058334516259e-05 0.038300349464539696 4.098631963985014e-05 0.0017753625008519408
5.258152852431613e-05 0.03921053070728589 4.195900685988458e-05 0.0017859381805044002
5.414951559661697e-05 0.04014234927900886 4.295477789023258e-05 0.0017964228889289647
5.576355285813531e-05 0.04109631976188345 4.3974180555814274e-05 0.0018069924455363727
5.742497834469099e-05 0.042072969010745226 4.501777568252917e-05 0.0018175496558024587
5.913507098013795e-05 0.04307283634303457 4.608613740579544e-05 0.0018280446348770563
6.0895169067470255e-05 0.044096473929075806 4.717985348641135e-05 0.0018385501252332476
6.270668354773623e-05 0.045144447132023945 4.8299525633912725e-05 0.001849116275194128
6.457123335945504e-05 0.04621733474708893 4.9445769837604375e-05 0.0018599414985093388
6.649054068812659e-05 0.04731572934191615 5.061921670544756e-05 0.0018708984394821201
6.846622388928343e-05 0.04844023761869479 5.18205118109898e-05 0.0018819254066271285
7.049986282761071e-05 0.049591480662807996 5.3050316048528245e-05 0.0018928625832036314
7.259295460889745e-05 0.05077009427233437 5.430930599670157e-05 0.0019037296020357312
7.474718814091799e-05 0.05197672947046933 5.5598174290710796e-05 0.001914684995794235
7.696429993636851e-05 0.05321205277090365 5.6917630003373516e-05 0.0019255996911885474
7.92459638547293e-05 0.054476746458728395 5.8268399035221436e-05 0.0019364540458917826
8.159395613411035e-05 0.05577150910858109 5.965122451385552e-05 0.0019473165560184302
8.401015261514283e-05 0.057097055969903734 6.106686720277893e-05 0.0019582815558361047
8.649673898442044e-05 0.05845411928411972 6.2516105919932e-05 0.001969521869556691
8.905595253301296e-05 0.059843448726404555 6.399973796616025e-05 0.0019808618454683967
9.168991425912961e-05 0.0612658118548516 6.551857956385056e-05 0.0019922565926016552
9.44006619626857e-05 0.06272199439234255 6.707346630597716e-05 0.002003527980362643
9.719017881273022e-05 0.0642128007072635 6.866525361580434e-05 0.002014761938826377
0.00010006072974500382 0.06573905445147074 7.029481721749882e-05 0.00202607180648272
0.000103014567506865 0.06730159882697555 7.196305361791075e-05 0.0020373163209870637
0.00010605389259968248 0.0689012970100226 7.36708805997883e-05 0.002048511519615022
0.00010918105438618011 0.07053903282100786 7.541923772669714e-05 0.0020597061310972395
0.00011239855498824728 0.07221571115159114 7.720908685992282e-05 0.002071057491539681
0.00011570931661313118 0.07393225839825353 7.904141268764011e-05 0.0020826855811037453
0.00011911621484724246 0.07568962303058842 8.09172232666408e-05 0.002094387078677146
0.00012262197373271062 0.07748877614143101 8.283755057691748e-05 0.002106114511657288
0.0001262288729083855 0.07933071183234171 8.4803451089409e-05 0.0021176869330196513
0.00012993916717253995 0.08121644785604325 8.681600634721949e-05 0.002129249101818977
0.0001337556194445714 0.08314702633697232 8.887632356063097e-05 0.0021408461707112226
0.00013768105085893052 0.08512351404550017 9.098553621623663e-05 0.0021523407304905027
0.00014171842400378397 0.0871470030303262 9.314480470053022e-05 0.0021637881825706602
0.00014587104635438666 0.08921861145907575 9.535531693829451e-05 0.002175216894732606
0.00015014263207965075 0.09133948409697798 9.761828904613978e-05 0.0021868580841619472
0.00015453752738984886 0.09351079290708086 9.993496600155216e-05 0.002198761174198706
0.0001590599734937988 0.09573373778593595 0.00010230662232781994 0.002210734556697931
0.00016371414829161195 0.09800954720596639 0.00010473456279521443 0.002222710019835575
0.0001685039508479237 0.10033947866023639 0.00010722012313881137 0.0022345461489986598
0.0001734333684618121 0.10272481965674679 0.00010976467079334725 0.0022464516793004384
0.00017850666924998997 0.10516688858387824 0.000112369605645516 0.002258400473021441
0.00018372774250543882 0.10766703503963079 0.0001150363608041185 0.002270274292189771
0.00018910028326625414 0.11022664075955271 0.00011776640338848957 0.0022821505535233614
0.00019462788948367376 0.11284712064082095 0.00012056123533563584 0.0022940464224893166
0.00020031452533578572 0.11552992315892784 0.00012342239422652877 0.0023062205285721915
0.00020616590602992336 0.11827653062624294 0.00012635145413200684 0.002318629497732645
0.00021218739678763817 0.12108846080184871 0.00012935002647875338 0.002331126688318806
0.00021838370628615212 0.12396726786849782 0.00013241976093582495 0.0023435717140512847
0.00022475865170565364 0.12691454301781713 0.00013556234632221953 0.002355868358478747
0.00023131594728092528 0.12993191576475552 0.0001387795115359827 0.002368241947974133
0.0002380592289083509 0.1330210548173846 0.0001420730265053634 0.0023805739907237443
0.0002449913838939172 0.13618366850079933 0.00014544470316254287 0.0023927598955915995
0.0002521149943717166 0.13942150603208683 0.00014889639644047152 0.0024048753086263384
0.0002594324137952489 0.14273635868290388 0.00015243000529336327 0.0024169451834008516
0.0002669462543010861 0.1461300604320741 0.00015604747374140803 0.002429220414043605
0.0002746591324122896 0.1496044889987071 0.00015975079194027717 0.0024415341170599915
0.00028257272940066853 0.1531615669352792 0.00016354199727601083 0.0024537541684282052
0.00029068833924611166 0.15680326220751115 0.00016742317548588877 0.00246565520924869
0.0002990070607724222 0.16053158880242108 0.00017139646180590201 0.0024772013229874606
0.00030753174960241995 0.16434860799759704 0.00017546404214545573 0.002488613606280147
0.00031626651855628276 0.1682564307718537 0.000179628154289951 0.00249972963687121
0.00032521371554665034 0.17225721998062926 0.00018389108913190562 0.002510490399340581
0.0003343737994405038 0.1763531893903509 0.00018825519193129206 0.002520966949787035
0.0003437444528766993 0.18054660468286762 0.00019272286360578553 0.002531209689553609
0.00035332011624687406 0.18483978436897722 0.0001972965620516329 0.0025413995648022832
0.0003630891547718637 0.1892351012976251 0.00020197880349586745 0.002551215419481725
0.00037302981618628103 0.19373498433727754 0.00020677216388061538 0.002560425479685643
0.0003831054823485549 0.19834191965661693 0.000211679280280254 0.002568558992092593
0.00039325676997287656 0.20305845350075363 0.00021670285235220204 0.002575329805690157
0.0004033945239493889 0.20788719842176334 0.00022184564382214049 0.002580403231963839
0.0004133558068333566 0.21283084683510678 0.00022711048400448036 0.00258267977386992
0.0004226469640876609 0.21789219915978278 0.00023250026935891371 0.002579363019196364
0.0004304701111176996 0.2230741552372397 0.0002380179650839062 0.002566248874638943
0.00043760221582924547 0.2283793950902152 0.00024366660674800464 0.0025485840736433297
0.00044477749119189574 0.2338106582913228 0.0002494493019598601 0.0025308947810927782
0.00045204173491374155 0.23937091090113657 0.000255369232077883 0.002513182263933116
0.00045878028227673724 0.24506334538863403 0.00026142965396047267 0.0024921608444153885
0.0004652454180308129 0.2508910437531454 0.00026763390175778235 0.0024691826389347028
0.0004715762711984213 0.25685718618988174 0.0002739853887460075 0.0024452340408628176
0.0004777147458591761 0.26296506564175404 0.0002804876092052041 0.0024201870123808093
0.0004837674776819891 0.2692180299576297 0.0002871441403416725 0.002394514012965168
0.0004897466210186637 0.2756195208814713 0.00029395864425596296 0.002368377422320235
0.0004956882818937729 0.28217306017249305 0.00030093486995758496 0.0023420365812499276
0.0005016202555627554 0.28888225510459586 0.0003080766554275315 0.00231580100760858
0.0005075614194086872 0.2957508000539145 0.00031538792972974906 0.0022897940928792984
0.0005135355157638557 0.3027824769974502 0.0003228727151727184 0.0022639605470327817
0.0005195567913953938 0.30998115918741787 0.00033053512952233396 0.002238321111244703
0.0005256421198750848 0.31735081117251174 0.0003383793882672983 0.002212861579236847
0.0005318057826806399 0.3248954923233195 0.00034640980693827976 0.0021877658491183225
0.0005380602392978471 0.33261935943870247 0.0003546308034821082 0.0021630804857825487
0.0005444189200142537 0.340526667612537 0.00036304690069231495 0.002138796641212981
0.0005508935761130762 0.348621773198754 0.00037166272869735444 0.0021149937058108524
0.0005574959870662242 0.35690913679782715 0.0003804830275078763 0.0020917250121747335
0.0005642370581495036 0.3653933249227247 0.0003895126496244492 0.0020690094959009498
0.0005711256913972754 0.37407901226713314 0.00039875656270717144 0.0020468057935667146
0.0005781712657099258 0.38297098501765936 0.00040821985230863657 0.0020251191337366196
0.0005853830318962132 0.3920741432194486 0.0004179077246717577 0.002003946520211575
0.0005927716962109489 0.40139350291471826 0.0004278255095939895 0.0019833335959221305
0.0006003479776902142 0.41093419975075174 0.0004379786633595251 0.0019632879946158152
0.0006081212863550972 0.4207014918397776 0.000448372771741078 0.0019438247073771484
0.0006161027836962991 0.43070076180194516 0.0004590135530729036 0.0019249885634120174
0.000624304242253184 0.44093752030309785 0.0004699068613967499 0.0019067846709994952
0.0006327368859110449 0.45141740963124327 0.00048105868968246666 0.0018892103163245157
0.0006414095031862001 0.46214620541531926 0.0004924751731250466 0.001872004169151464
0.0006503282642933026 0.4731298198750874 0.0005041625925199129 0.0018551915456869446
0.0006595019102208058 0.4843743066732014 0.0005161273777183073 0.001838883164776801
0.0006689407125065934 0.4958858633574563 0.000528376111164683 0.0018231932938466318
0.0006786590262751308 0.5076708347939903 0.0005409155315180458 0.0018082044394742182
0.0006886693010533979 0.5197357169496529 0.0005537525373592382 0.0017937255231661568
0.000698982894063236 0.5320871602486158 0.0005668941909862026 0.0017798798901561092
0.0007096150679710488 0.5447319730104361 0.000580347722299317 0.001766751289311717
0.0007205811871075843 0.5576771256597725 0.0005941205327789332 0.001754274947905861
0.0007318959950113853 0.5709297548025257 0.0006082201995573145 0.0017423317887745543
0.0007435671475245492 0.5844971647972323 0.0006226544795872046 0.0017303898171006859
0.0007555993936396665 0.5983868329637446 0.000637431313909328 0.0017187233076876027
0.0007680040311639501 0.6126064161433237 0.0006525588320211648 0.0017074829711595937
0.0007807960562261359 0.6271637532992846 0.000668045356349405 0.0016969965987376366
0.0007939967085902075 0.6420668703405036 0.0006838994068285464 0.001687257004925946
0.0008076216974730798 0.657323983739959 0.000700129705588147 0.0016779234889343158
0.0008216877311119924 0.6729435053665704 0.0007167451817513183 0.0016692946026908725
0.0008362174168669942 0.6889340472613348 0.0007337549763470965 0.0016614309643252594
0.0008512318396327918 0.7053044264130156 0.000751168447339392 0.0016542274160755164
0.0008667507512155838 0.7220636695761761 0.0007689951747752881 0.001647304418974882
0.0008827791080046576 0.7392210145097602 0.0007872449660555181 0.001639965028325459
0.0008993218265527903 0.7567859186270702 0.0008059278613300213 0.0016328552623541127
0.0009163942630882122 0.7747680667714933 0.0008250541390215464 0.0016261196107512214
0.0009340200842872415 0.7931773748072968 0.0008446343214803418 0.001620327239730635
0.0009522306903922276 0.8120239955210565 0.0008646791807730405 0.0016152321162830208
0.0009710462833816972 0.8313183218207043 0.0008851997446089313 0.0016104804369545755
0.0009904924191364499 0.8510709942032718 0.0009062073024068676 0.001606541780089975
0.0010106022396894046 0.8712929067729481 0.0009277134115061585 0.0016033711461023424
0.0010314054775945602 0.8919952127772832 0.0009497299035248569 0.0016008999944989119
0.0010529270131172956 0.9131893297780703 0.0009722688908689407 0.0015982819363840148
0.0010751657063101609 0.9348869407665831 0.0009953427733959718 0.0015948692213597117
0.001098129196529364 0.9571000086202649 0.0010189642452368972 0.0015916973403052098
0.001121839390794174 0.9798407839943907 0.0010431463017797416 0.001588927819073636
0.0011463346512924804 1.0031218110710194 0.0010679022468190421 0.00158732079923539
0.001171658853412532 1.0269559333314855 0.0010932456998749486 0.001586261111719638
0.0011978378473661195 1.0513562969299195 0.0011191906036860252 0.0015855647816569185
0.0012249113706342565 1.0763363624393654 0.0011457512318798666 0.0015858170116434674
0.0012529274054876448 1.1019099114990183 0.001172942196825758 0.0015868000311185253
0.0012819286413790492 1.1280910534602473 0.001200778457673688 0.0015885202153628547
0.001311942399758109 1.154894229668985 0.0012292753285841522 0.0015895051522911065
0.0013429575410474329 1.182334216103964 0.0012584484871532586 0.0015894493035827047
0.0013749879594711328 1.2104261459785612 0.00128831398303778 0.001589631277539755
0.001408065300938912 1.239185516312007 0.0013188882467848986 0.0015903746023919485
0.0014422514694913862 1.2686281977542226 0.0013501880988714952 0.00159248289820223
0.0014776054170736804 1.2987704380012977 0.0013822307589579593 0.001594905968957966
0.0015141626274539906 1.329628867024036 0.0014150338553616112 0.0015978161160275417
0.001551983747386755 1.3612205139450069 0.001448615434754947 0.0016018163720900498
0.00159113466185181 1.3935628135075342 0.0014829939720940439 0.0016065204186287336
0.0016316754860339654 1.4266736152313575 0.0015181883807825823 0.0016118570715010906
0.001673629762253886 1.4605711846430476 0.0015542180230770856 0.0016157894118914147
0.001716974828445214 1.4952742113103883 0.0015911027207390924 0.0016186593071457727
0.0017617371629214402 1.5308018408160204 0.00162886276594013 0.0016216442511217252
0.001807965290773467 1.56717367859117 0.0016675189324254817 0.0016255341605208044
0.0018557543941601147 1.6044098049132054 0.0017070924869428945 0.0016309156755617174
0.0019051775603504866 1.6425307735225805 0.0017476052009425113 0.0016363501805133336
0.001956286229015903 1.6815576228871203 0.0017890793625544683 0.0016424884379852601
0.0020091714409481804 1.7215118981583002 0.0018315377888507415 0.0016498338326219589
0.0020639229295379424 1.7624156566959854 0.0018750038383979928 0.0016578842400785197
0.0021206238887273724 1.8042914805937507 0.0019195014241083228 0.001666258682393952
0.0021792832985355567 1.8471624719268267 0.0019650550263949924 0.0016725477580358335
0.0022398677529050443 1.8910522729736876 0.0020116897066403596 0.0016779259846979105
0.0023024210840104486 1.9359851064714044 0.002059431120983436 0.0016833125289542757
0.002367020569789092 1.981985777745028 0.002108305534434652 0.0016900452107578977
0.002433806318328684 2.0290796943342353 0.0021583398353255913 0.0016982474717757387
0.0025028654018761564 2.0772928577658516 0.002209561550101641 0.0017063157702662981
0.0025742774750403545 2.1266518863287733 0.0022619988584657146 0.0017153571131238781
0.002648175389103873 2.1771840402604328 0.0023156806088813534 0.0017256660364823205
0.002724679479784333 2.2289172263679995 0.0023706363344437546 0.0017367258103545594
0.002803898550079094 2.281880014184308 0.002426896269127441 0.0017475549117744447
0.0028858105620169767 2.336101622908243 0.0024844913644195376 0.001755686435212039
0.002970376817297611 2.3916119636177204 0.002543453306347769 0.0017631734695810572
0.0030576634558069147 2.4484416835136997 0.0026038145329125803 0.0017706674072848867
0.0031477969855241103 2.5066221706091185 0.0026656082519329496 0.0017799733184023466
0.003240974828877528 2.5661855738528 0.0027288684593157215 0.0017905289688923713
0.003337299085374065 2.627164787906481 0.0027936299577585007 0.0018009352374714744
0.0034368956625371993 2.68959349392946 0.0028599283758964154 0.0018125867906405887
0.003539952671872093 2.7535061846908526 0.002927800187903257 0.0018254739382176058
0.0036466311984876313 2.8189381696269638 0.002997282733557808 0.0018392224151522125
0.0037570618406763444 2.8859255924386904 0.0030684142387863694 0.00185192152430714
0.0038711713519239965 2.95450541053108 0.003141233836692821 0.001861476464752883
0.003988928943764483 3.0247154710887507 0.003215781589087746 0.0018706976796845467
0.004110429582914386 3.096594551053676 0.0032920985085285047 0.0018800741875696478
0.0042358765043861045 3.170182371348666 0.0033702265808823496 0.0018916957170388316
0.0043655309790813284 3.2455196097847416 0.0034502087884250173 0.0019041747903132027
0.004499513771530084 3.3226478836933055 0.003532089133487483 0.0019166501431008625
0.004638021249136648 3.401609814276972 0.0036159126626639196 0.0019306332119743638
0.004781312128825244 3.4824490471993594 0.003701725491594141 0.0019457057334179284
0.004929606882638828 3.565210261870425 0.003789574830334194 0.001961808155676038
0.005083042687271713 3.649939182556323 0.003879509009329038 0.0019758008213262204
0.005241476868603743 3.736682558819059 0.003971577506001616 0.001986477438015067
0.005404909958370334 3.825488286226268 0.004065830971972929 0.0019970555744945537
0.005573478365029047 3.9164054312046113 0.004162321260928101 0.002008141467921525
0.0057475021692788356 4.009484264588635 0.004261101457143765 0.0020218099324470196
0.005927309585460516 4.104776254922892 0.004362225904692454 0.0020358284192275814
0.006113052755157088 4.202334059785298 0.004465750237340071 0.0020501519157241346
0.006305027981821878 4.302211615830315 0.004571731409152898 0.0020662113582276187
0.0065035768055931795 4.404464150215144 0.004680227725830949 0.0020832419407972843
0.006708997997032968 4.509148200317053 0.004791298876784945 0.0021012180072363263
0.006921394983376507 4.616321605125824 0.004905005967974533 0.0021159827787981937
0.007140540753222665 4.726043507339582 0.0050214115555258145 0.002127648939704356
0.007366493660095411 4.838374523164113 0.0051405796801466995 0.0021391910453203013
0.007599456547591186 4.953376743541302 0.005262575902358996 0.002151862090359568
0.007839915465015584 5.071113794550015 0.005387467338566622 0.0021672826259696376
0.008088262656170069 5.191650797105031 0.0055153226979798055 0.0021825290251031885
0.008344713756727105 5.315054386218795 0.0056462123204155485 0.0021985185169325324
0.008609707575730614 5.441392822509606 0.0057802082149951955 0.002216412352918965
0.008883691578894563 5.570735991949493 0.00591738409976035 0.0022352397439850463
0.009167071689193108 5.703155441924538 0.00605781544222896 0.0022545744033574864
0.009459865386798496 5.838724335829208 0.0062015795009139054 0.002269688076387037
0.009761768201533343 5.977517509257441 0.006348755367826861 0.002282277904578474
0.010072921495632296 6.119611680853594 0.006499424011990898 0.00229454674864749
0.010393649430928745 6.265085433605158 0.006653668323985717 0.002308771596432664
0.010724655131206162 6.4140192974511425 0.006811573161550011 0.0023256766764076847
0.011066382842122264 6.566495666285472 0.006973225396266086 0.002342028568264013
0.011419162793104579 6.722598871558133 0.007138713961352393 0.0023596330969033125
0.011783622886147723 6.882415303042977 0.007308129900590264 0.002379233415967135
0.012160340718372744 7.046033398303461 0.007481566418411789 0.0023998271624349086
0.01254983948974634 7.213543696353143 0.007659118931176375 0.0024201309341104274
0.01295197014250484 7.3850387434997 0.00784088511966419 0.0024353857049938085
0.013366378211931089 7.560613247811225 0.008026964982815412 0.0024488253219576432
0.013793311318727545 7.740364307779622 0.008217460892744761 0.002461951404062707
0.014233306761887207 7.9243913910725485 0.0084124776510617 0.0024778421451939095
0.014687338416036403 8.11279642038208 0.008612122546527186 0.002496044995957863
0.015155900287277983 8.305683649100173 0.008816505414078744 0.0025136502852817445
0.015639524550128427 8.503159817270305 0.009025738695256318 0.002533012728178201
0.01613909807618567 8.705334263938193 0.009239937500062157 0.0025543752709683183
0.016655382428315876 8.91231891317808 0.009459219670288753 0.002576919340556386
0.017189021997409598 9.124228336573355 0.009683705844349676 0.002598039242410328
0.017739617302677833 9.341179609144373 0.009913519523648988 0.0026135635509641738
0.018306838706514013 9.563292613761995 0.01014878714052571 0.0026280439970767047
0.01889108420132588 9.790690249114347 0.010389638127810772 0.002642481656570784
0.019493252258261116 10.023498436463044 0.01063620499003468 0.00266044645185395
0.02011464714793503 10.261846174537684 0.010888623376325068 0.002680147836376437
0.020755844455473352 10.505865392521267 0.01114703215503429 0.0026995409361561594
0.02141771416492947 10.75569121028003 0.01141157349013803 0.002721247209792988
0.02210150601739315 11.011462023458284 0.01168239291944704 0.0027448759341861958
0.02280826661833188 11.273319498998914 0.011959639434674976 0.0027700695804581616
0.02353873161433172 11.541408618277845 0.012243465563406416 0.002792386895147223
0.024292170506166676 11.815877509602254 0.012534027453010136 0.00280894587430638
0.02506841249015324 12.096877954364272 0.012831484956543822 0.0028251894934921565
0.025868084962561128 12.384565525712153 0.013136001720697468 0.0028420042597824286
0.02669268829688438 12.679099653611207 0.013447745275823838 0.002863091430282313
0.02754398810026059 12.980643586962998 0.01376688712810555 0.002885313777033431
0.028422876005747024 13.289364250192714 0.014093602853909462 0.002907942386897166
0.029330588245378403 13.605432801316763 0.014428072196380252 0.0029330095636856735
0.03026793022576157 13.929024878238604 0.014770479164326411 0.0029591764891653384
0.031235133132013725 14.260320442292004 0.015121012133452922 0.002986163721659046
0.03223180893576858 14.599503535516629 0.01547986394999648 0.003009264442948136
0.033258775164791685 14.94676077749887 0.015847232036820102 0.003029396086396851
0.033258775164791685 14.94676077749887 0.016223318502025626 0.003029396086396851
0.035415780867681816 15.666266081517822 0.016608330250143785 0.0030748055299068
0.036549812226934764 16.038912637251087 0.01700247909596304 0.0031006007363250684
0.037720682617794675 16.420430725420594 0.017405981881059806 0.0031266440739756195
0.03892950089443603 16.81103182464433 0.017819060593094155 0.0031538722399700216
0.040179125696082875 17.210932380379365 0.018241942487936688 0.0031860314036222417
0.04147342260514543 17.62035359773293 0.01867486021469367 0.0032207095756034334
0.04281438126027458 18.03952279030402 0.019118051943699286 0.0032570464475764538
0.044202505328309466 18.468672182602756 0.019571761497545397 0.0032872128702598506
0.04563635134505023 18.908039062134076 0.020036238485220927 0.003313029558276901
0.04711687633647343 19.357866886353797 0.020511738439434622 0.0033392839002003914
0.04864606833663623 19.81840511997673 0.020998522957196696 0.003369121838354781
0.05022799277101411 20.28990954360568 0.021496859843736903 0.003404677123624967
0.05186572807006501 20.772641866480953 0.022007023259837916 0.003440434202044277
0.05356150295081678 21.266869894022307 0.022529293872665328 0.003479364493114885
0.055319610167923805 21.772868141848395 0.023063959010177087 0.003523800644098347
0.05714426514943365 22.290917664772337 0.023611312819197424 0.003571393227040195
0.05903930158266118 22.8213062040466 0.024171656427242155 0.003620530289406595
0.06100496335396971 23.364327667562666 0.02474529810818444 0.0036616065608490005
0.06303967188699819 23.920282642550678 0.025332553451852105 0.0036998809245432467
0.0651457873571618 24.489479676822395 0.025933745537649867 0.0037392340537714687
0.06732728864933779 25.072234972902763 0.02654920511230196 0.0037847732107354447
0.06959101774258446 25.668872786311397 0.027179270771812904 0.0038369331682851725
0.07194151004652233 26.279724716624425 0.027824289147746654 0.003889596737894146
0.07438334167378868 26.90513028824694 0.028484615097926422 0.00394826982054624
0.07692441554403007 27.545437665509574 0.02916061190166027 0.004014694514544222
0.07957188310680985 28.201003222493718 0.029852651459599765 0.004085902395597259
0.08233216524844394 28.872191764604686 0.03056111449834165 0.004157522319638275
0.08520476745453504 29.55937548393135 0.031286390779885195 0.0042188470614131866
0.08818877554985782 30.262935421844073 0.032028879316060285 0.004279703503938503
0.09128934799397591 30.983262935777134 0.03278898858804445 0.004343171909191539
0.09451472724559354 31.720759280808387 0.03356713677108932 0.004416599712512591
0.09787678600602781 32.47583595545462 0.034363751964580386 0.00449780972971454
0.10138290075066479 33.248913527960525 0.03517927242755657 0.004580954225806986
0.1050428968906921 34.040423058309514 0.036014146819819 0.004674833953571235
0.10887178853912508 34.85080679350948 0.03686883444876195 0.004779678818960325
0.11288240352954106 35.68051723534292 0.03774380552206144 0.004892303268737888
0.11708549146034913 36.530017373636646 0.03863954140636071 0.005002592100020676
0.12147892043497334 37.39977881566358 0.039556534892094805 0.005099846272995477
0.1260643464903356 38.29028527085319 0.04049529046459995 0.0052001535277408015
0.1308524479126054 39.20203385053465 0.04145632458165692 0.005306088721942081
0.13586036104637358 40.135534743896876 0.04244016595762106 0.005427655063549778
0.14110910384256656 41.09131107002793 0.043447355854295315 0.005558897443811983
0.14661325172610137 42.06989662315093 0.044478448378706105 0.005697122466870766
0.1523922466999197 43.07184058171609 0.045534010787946284 0.0058483950031827416
0.15846958033499614 44.097707707120165 0.04661462380125237 0.006012360178193225
0.16486965395304093 45.14807386273678 0.047720881919488145 0.006191243575660458
0.17161510823674755 46.223525588556726 0.04885339375221018 0.006374179525498992
0.1787176607388127 47.32465446528713 0.050012782352495296 0.0065594887235177245
0.18619516106245512 48.45207235929563 0.05119968555971416 0.006746626124148483
0.19406990416215195 49.60641177329536 0.05241475635043952 0.006970678942113061
0.20243405126774092 50.78830619607025 0.05365866319768229 0.007282838891418423
0.21136262313282664 51.998410417990165 0.05493209043865297 0.007607741420510061
0.22085671953952818 53.23740670995762 0.05623573865125077 0.007912621222690179
0.23087130662426056 54.506038198762425 0.05757032503948759 0.008130990536606741
0.24136886344686204 55.80507249615722 0.05893658382805888 0.008301261263778925
0.25236795901346065 57.13525171631387 0.06033526666627846 0.008449902636431006
0.26379396868257077 58.497332229778735 0.06176714304159949 0.008461780013550253
0.27541498696960226 59.89208292590431 0.0632330007029492 0.008314209074344856
0.28719631320306555 61.320295364199254 0.06473364609411004 0.008304874128506494
0.29904648015145574 62.782795247655315 0.06626990479738605 0.007826236394321482
0.31002992331777146 64.28054611658001 0.06784262198779809 0.0066498488528415785
0.31966410270495854 65.81448289598967 0.06945266289805824 0.0052685735616243195
0.32787307161407026 67.38551959804839 0.07110091329457875 0.0046690259261645654
0.3374893513695758 68.99409436581821 0.07278827996477791 0.006965358993046366
0.3512369913928721 70.64062121261891 0.07451569121595036 0.010119920608962552
0.36986330739480805 72.32585593954336 0.0762840973859768 0.013599730622446819
0.3923839196542845 74.05098323166843 0.07809447136615376 0.014783466411924497
0.41587014142586703 75.81763402413002 0.07994780913643129 0.0146110350195591
0.44001291491102845 77.6269384122361 0.08184513031335271 0.014503265037035463
0.4650309393407134 79.47995070520193 0.08378747871099823 0.014904968562346823
0.4921496062021724 81.37752313970286 0.08577592291524083 0.016017824049276166
0.5217173320638222 83.32072679825849 0.08781155687163031 0.01683031367993327
0.553604287268337 85.31076751653157 0.08989550048722918 0.01766737214777514
0.5880239118174708 87.34884713289603 0.09202890024673116 0.01860504238995895
0.6252747073320888 89.43618303766432 0.09421292984320129 0.019621679419406946
0.6656527991268231 91.57401332449669 0.09644879082378521 0.02069415446346213
0.7092436738185032 93.76356733284034 0.09873771325074192 0.021659450978320918
0.7560064104456397 96.00610754833615 0.1010809563781644 0.022617884631800055
0.8061823021649908 98.30296641322913 0.10347980934476018 0.023637207784951045
0.8600941228313616 100.65552952845233 0.10593559188307289 0.02476921439591091
0.9181875826349403 103.06524553451688 0.10844965504553507 0.02600711596628573
0.9807885253618361 105.53357517365619 0.11102338194775174 0.027279699006909804
1.0482905802999933 108.06203139599312 0.11365818852942346 0.02869171383028217
1.1213227382003663 110.6522157124506 0.11635552433332773 0.03026199446069791
1.2004351476606268 113.30575349703886 0.1191168733027871 0.03193331686617633
1.2861102082924263 116.02429756188977 0.12194375459806271 0.03361095824009806
1.378361370056487 118.80944279825513 0.12483772343212278 0.035141676307070574
1.4772708277738797 121.66284418854032 0.12780037192624513 0.036706818126175975
1.5833004508705861 124.58628541352311 0.13083332998592512 0.03834292967474663
1.6971238811559184 127.58164384164772 0.1339382661975708 0.04016316700327563
1.8196026879942688 130.6508871909029 0.137116888746478 0.042111590423217
1.9513062399355097 133.79597201891846 0.14037094635659106 0.04411593072130853
2.093076526447738 137.0189677174178 0.14370222925256598 0.04634575049187839
2.246113898899803 140.32207726351456 0.1471125701446651 0.04877692117869996
2.4114175743395996 143.70751744890168 0.1506038452370256 0.05135936913633182
2.5897719278612517 147.17751647192208 0.15417797525985566 0.05386217965888517
2.781019880105438 150.73415200457674 0.1578369265261273 0.05614208147064172
2.98523104889804 154.37966216304753 0.16158271201334645 0.058277628132696595
3.2025909049256294 158.1164783350331 0.16541739247099535 0.06066543838477317
3.436639161324483 161.94724460820674 0.16934307755425704 0.06412952549050326
3.6900327913663413 165.87468666602382 0.1733619269846453 0.06728091644904122
3.95976263996049 169.90126472287912 0.1774761517381788 0.0695441125723666
4.246975960943731 174.03018043568963 0.18168801526175246 0.07287684272050898
4.557338846317619 178.26507627849531 0.18599983471837672 0.07654165229343943
4.898845260932578 182.60890401364588 0.19041398226196768 0.08234296999946812
5.256859246785379 187.0638715025182 0.19493288634239161 0.07557402132607673
5.554693732293597 191.63083864513217 0.19955903304147984 0.053705644570572454
5.743690354220856 196.31168058709358 0.20429496744075065 0.029018725773460496
5.8025487476032085 201.10813288213944 0.20914329502158954 0.00799332234805095
5.779189798110046 206.01949716866508 0.21410668309865902 0.0004503935862864162
5.724068962677799 211.04604259373323 0.2191878622873252 -0.004709711349621915
5.665835662095831 216.18938197563693 0.22438962800591036 -0.0006425490934620178
5.705977330501774 221.45527136094637 0.22971484201359635 0.02142043024708124
5.8978185172962325 226.85146314891236 0.23516643398482587 0.049013667312036165
6.256868854102122 232.3824125430727 0.24074740312106677 0.08057982892432483
6.753749110330642 238.0528832102611 0.24646081980082776 0.09382823430386118
7.286163181451822 243.86796068199055 0.2523098272688315 0.0928649443040518
7.831977933702488 249.833275622791 0.2582976433652753 0.09226227356626115
8.392300707133147 255.9541252650764 0.26442756229613085 0.09456102188785877
9.002402136685646 262.2340625039242 0.2707029564454564 0.1027215151631733
9.673136688435557 268.67774784099237 0.27712727823071914 0.10820016756801294
10.396525071547423 275.2908692814288 0.2837040620021475 0.11391353905114918
11.181988256996364 282.07935793011757 0.29043692598715964 0.1211612441863292
12.040103516911083 289.0493009384494 0.29732957428093626 0.1289067318492995
12.976825504239246 296.20689217138056 0.3043857988842341 0.13691345892409548
13.994734701815002 303.55761801810235 0.3116094817895613 0.14434435608506618
15.094537875371907 311.10677597166847 0.3190045971168609 0.15177541123759358
16.28276533126677 318.86099768181197 0.32657521329987893 0.1596205789523122
17.56808277396116 326.82757747117836 0.3343254953244195 0.16827957927776843
18.962701007179078 335.01477234695267 0.34225970701971814 0.17779706143988122
20.47653362201673 343.43061731181274 0.3503822134041929 0.18759716552525277
22.12067086944519 352.08364927731907 0.3586974830868669 0.19846075991010198
23.913504676228552 360.98416633336666 0.3672100907257796 0.21066268940027627
25.871860805741438 370.14245766279015 0.3759247195447421 0.2236462566321167
28.010941421533175 379.568810744499 0.3848461639098194 0.2368068307143775
30.333530498174103 389.2713940642229 0.393979331966958 0.24873643146759394
32.84237095514798 399.258749106083 0.40332924834221023 0.2608020792521986
35.552205275899794 409.54221007143997 0.41290105690603957 0.27339391952430225
38.4831420745691 420.13462830325034 0.4227000236032279 0.28732311669870925
41.66182250103668 431.0506254429098 0.4327315393499444 0.3023107627147839
45.107687773523125 442.30384665279837 0.44300112299956457 0.31759871782715066
48.84716700086437 453.9098611619532 0.4535144243788769 0.3346440915254105
52.92024996696401 465.8875228126339 0.46427722739634275 0.35341385591343316
57.36119092327203 478.25511890912725 0.47529545322412275 0.37320872566148244
62.199369440428484 491.03056199646875 0.48657516355561764 0.39243850508617517
67.43557480190177 504.22646043350016 0.4981225639403193 0.40954877346498036
73.08055206272337 517.8582003409449 0.5099440071978018 0.42702607390714153
79.16633720440238 531.9463535750805 0.5220459969127352 0.4451856786917045
85.7395270066651 546.5153238259427 0.5344351910128425 0.46534235614724934
92.85580356621386 561.5922625475641 0.5471184054317684 0.4864902571739675
100.5539632861899 577.2017379318695 0.5601026178588747 0.5080585723450992
108.89651350991087 593.3742041167392 0.5733949715780277 0.5322272905819425
117.96723142355685 610.1455563423733 0.5870027793974854 0.5582028042918085
127.83647444625122 627.5500967677308 0.6009335276730509 0.5854309409316981
138.55652249410164 645.6195266456501 0.6151948804267013 0.6104176523960794
150.12143443684263 664.3745255709978 0.6297946835629619 0.6322003729345472
162.56488004463168 683.8455491744726 0.6447409691853406 0.6544838474275492
175.9548677699072 704.0718180065043 0.6600419600152039 0.6776653003021084
190.3963234879552 725.1020906457728 0.6757060739155172 0.7034050280865115
205.99939938421298 746.9879399962886 0.691741928521946 0.7295335323648415
222.84336817621767 769.7761625286973 0.708158345983861 0.756330598851308
241.06985941284563 793.5287208323901 0.7249643578178558 0.7864220272296
260.8457487170132 818.3150068531063 0.7421692098764505 0.8179614230145933
282.31390541048137 844.201705983489 0.75978236743471 0.8503707641269469
305.5551086868878 871.2445180230861 0.7778135203975802 0.8779829792338726
330.5503375439283 899.4802314508886 0.7962725886308041 0.9016090686074858
357.38930535978244 928.9718652351851 0.8151697274183487 0.9254184312874555
386.2144211996695 959.7968535074862 0.8345153330493517 0.9506068596413058
417.25315585632103 992.0544716261937 0.8543200485376543 0.9786203055230622
450.7126355314845 1025.8429223869284 0.8745947694770732 1.0059448869335887
486.760158853595 1061.2553412025968 0.8953506500356235 1.0344528923739278
525.7030230662294 1098.4189236944544 0.9165991090920059 1.0666245894211455
567.8620857004552 1137.4679640320596 0.938351836517717 1.0996058921240488
613.5204821778229 1178.5334136846982 0.9606207996082504 1.1322293081849208
662.7813200597416 1221.7114024144962 0.9834182496669207 1.157276669029421
715.6139828621084 1267.0738971659787 1.0067567287449397 1.1783778693769396
772.2295389000993 1314.7514422969898 1.030649076541441 1.1991240402424748
832.9317097120164 1364.9011661386667 1.0551084374672615 1.2221285875616184
898.1933852687894 1417.7243140810633 1.0801482678763585 1.2478387322671618
968.3886059443505 1473.4067971257248 1.105782343468843 1.2718349246407257
1043.8824498815 1532.1395679997997 1.132024766869701 1.2979367053026816
1125.3171312394882 1594.1816141046365 1.158889975387375 1.3277389684456098
1213.2966431806933 1659.7920789450966 1.186392748956469 1.3578230811826417
1308.361636613665 1729.2258502194454 1.214548218268953 1.3856507351128844
1410.6003662179596 1802.646382497755 1.2433718730983356 1.403802696279151
1520.004109713989 1880.205885359457 1.272879570821386 1.418927280897895
1637.0291127769895 1962.1709406089244 1.3030875451420927 1.4335926553067537
1762.3289597747225 2048.8650846415776 1.3340124150226607 1.4515813678668659
1896.8438273171541 2140.68955817349 1.365671193826459 1.4717517408919392
2041.2301952666485 2237.9948755864343 1.3980812986779474 1.4898679322314645
2196.2912696377302 2341.1779497122975 1.431260560044732 1.5113058131788888
2363.317972475471 2450.7577639126466 1.465227231547026 1.5361595828076944
2543.424467266424 2567.2328324738114 1.4999999999999052 1.5611601216418116
