    0.2412542438E-17    0.7120568247E-10
    0.9650169753E-18    0.5696454800E-09
    0.1351023765E-16    0.2637247608E-08
    0.1080819012E-15    0.8900710754E-08
    0.5983105247E-15    0.2442355074E-07
    0.2509044136E-14    0.5789286269E-07
    0.8847275630E-14    0.1230434364E-06
    0.2704363572E-13    0.2403192263E-06
    0.7372729691E-13    0.4387721769E-06
    0.1835230683E-12    0.7581984057E-06
    0.4230171212E-12    0.1251511748E-05
    0.9142802428E-12    0.1987354668E-05
    0.1869894093E-11    0.3052946536E-05
    0.3645849573E-11    0.4557169288E-05
    0.6816694630E-11    0.6633890476E-05
    0.1228384776E-10    0.9445523705E-05
    0.2142192547E-10    0.1318682650E-04
    0.3627818424E-10    0.1808893557E-04
    0.5983759915E-10    0.2442363960E-04
    0.9636863327E-10    0.3250788940E-04
    0.1518721173E-09    0.4270854565E-04
    0.2346498838E-09    0.5544736417E-04
    0.3560252413E-09    0.7120621872E-04
    0.5312398994E-09    0.9053256147E-04
    0.7805644027E-09    0.1140451211E-03
    0.1130657800E-08    0.1424398387E-03
    0.1616223462E-08    0.1764960413E-03
    0.2282004391E-08    0.2170828535E-03
    0.3185179188E-08    0.2651658469E-03
    0.4398212134E-08    0.3218139274E-03
    0.6012235728E-08    0.3882064613E-03
    0.8141025872E-08    0.4656406386E-03
    0.1092566687E-07    0.5555390758E-03
    0.1453998803E-07    0.6594576563E-03
    0.1919687054E-07    0.7790936099E-03
    0.2515554570E-07    0.9162938315E-03
    0.3272998376E-07    0.1073063438E-02
    0.4229852240E-07    0.1251574564E-02
    0.5431486338E-07    0.1454175399E-02
    0.6932058522E-07    0.1683399464E-02
    0.8795935170E-07    0.1941975122E-02
    0.1109929841E-06    0.2232835340E-02
    0.1393195782E-06    0.2559127680E-02
    0.1739938912E-06    0.2924224538E-02
    0.2162502043E-06    0.3331733623E-02
    0.2675279014E-06    0.3785508671E-02
    0.3295000079E-06    0.4289660414E-02
    0.4041049748E-06    0.4848567775E-02
    0.4935819790E-06    0.5466889321E-02
    0.6005100470E-06    0.6149574947E-02
    0.7278513463E-06    0.6901877810E-02
    0.8789989556E-06    0.7729366508E-02
    0.1057829509E-05    0.8637937498E-02
    0.1268761085E-05    0.9633827764E-02
    0.1516816757E-05    0.1072362773E-01
    0.1807694247E-05    0.1191429442E-01
    0.2147842120E-05    0.1321316485E-01
    0.2544543014E-05    0.1462796972E-01
    0.3006004414E-05    0.1616684727E-01
    0.3541457528E-05    0.1783835746E-01
    0.4161264774E-05    0.1965149636E-01
    0.4877036533E-05    0.2161571083E-01
    0.5701757744E-05    0.2374091337E-01
    0.6649925019E-05    0.2603749736E-01
    0.7737694969E-05    0.2851635240E-01
    0.8983044425E-05    0.3118888000E-01
    0.1040594334E-04    0.3406700954E-01
    0.1202854113E-04    0.3716321440E-01
    0.1387536733E-04    0.4049052844E-01
    0.1597354732E-04    0.4406256270E-01
    0.1835303415E-04    0.4789352231E-01
    0.2104685724E-04    0.5199822380E-01
    0.2409138910E-04    0.5639211253E-01
    0.2752663097E-04    0.6109128047E-01
    0.3139651844E-04    0.6611248421E-01
    0.3574924820E-04    0.7147316326E-01
    0.4063762704E-04    0.7719145863E-01
    0.4611944428E-04    0.8328623163E-01
    0.5225786887E-04    0.8977708303E-01
    0.5912187243E-04    0.9668437241E-01
    0.6678667957E-04    0.1040292378E+00
    0.7533424685E-04    0.1118336158E+00
    0.8485377190E-04    0.1201202614E+00
    0.9544223398E-04    0.1289127691E+00
    0.1072049677E-03    0.1382355931E+00
    0.1202562715E-03    0.1481140689E+00
    0.1347200521E-03    0.1585744344E+00
    0.1507305077E-03    0.1696438514E+00
    0.1684328499E-03    0.1813504282E+00
    0.1879840681E-03    0.1937232412E+00
    0.2095537369E-03    0.2067923579E+00
    0.2333248690E-03    0.2205888596E+00
    0.2594948154E-03    0.2351448648E+00
    0.2882762148E-03    0.2504935524E+00
    0.3198979952E-03    0.2666691857E+00
    0.3546064281E-03    0.2837071366E+00
    0.3926662399E-03    0.3016439100E+00
    0.4343617804E-03    0.3205171686E+00
    0.4799982528E-03    0.3403657579E+00
    0.5299030061E-03    0.3612297320E+00
    0.5844268932E-03    0.3831503789E+00
    0.6439456979E-03    0.4061702469E+00
    0.7088616315E-03    0.4303331714E+00
    0.7796049037E-03    0.4556843011E+00
    0.8566353698E-03    0.4822701255E+00
    0.9404442565E-03    0.5101385026E+00
    0.1031555971E-02    0.5393386864E+00
    0.1130529993E-02    0.5699213557E+00
    0.1237962858E-02    0.6019386422E+00
    0.1354490230E-02    0.6354441599E+00
    0.1480789069E-02    0.6704930344E+00
    0.1617579896E-02    0.7071419325E+00
    0.1765629161E-02    0.7454490928E+00
    0.1925751717E-02    0.7854743561E+00
    0.2098813394E-02    0.8272791960E+00
    0.2285733699E-02    0.8709267509E+00
    0.2487488620E-02    0.9164818557E+00
    0.2705113554E-02    0.9640110737E+00
    0.2939706360E-02    0.1013582729E+01
    0.3192430535E-02    0.1065266942E+01
    0.3464518526E-02    0.1119135659E+01
    0.3757275176E-02    0.1175262688E+01
    0.4072081310E-02    0.1233723735E+01
    0.4410397462E-02    0.1294596437E+01
    0.4773767756E-02    0.1357960397E+01
    0.5163823936E-02    0.1423897221E+01
    0.5582289556E-02    0.1492490554E+01
    0.6030984329E-02    0.1563826116E+01
    0.6511828648E-02    0.1637991740E+01
    0.7026848271E-02    0.1715077412E+01
    0.7578179191E-02    0.1795175304E+01
    0.8168072683E-02    0.1878379819E+01
    0.8798900538E-02    0.1964787627E+01
    0.9473160487E-02    0.2054497703E+01
    0.1019348183E-01    0.2147611373E+01
    0.1096263125E-01    0.2244232352E+01
    0.1178351886E-01    0.2344466784E+01
    0.1265920445E-01    0.2448423286E+01
    0.1359290393E-01    0.2556212992E+01
    0.1458799605E-01    0.2667949595E+01
    0.1564802928E-01    0.2783749390E+01
    0.1677672901E-01    0.2903731321E+01
    0.1797800493E-01    0.3028017024E+01
    0.1925595865E-01    0.3156730874E+01
    0.2061489165E-01    0.3290000031E+01
    0.2205931337E-01    0.3427954489E+01
    0.2359394970E-01    0.3570727122E+01
    0.2522375165E-01    0.3718453730E+01
    0.2695390432E-01    0.3871273096E+01
    0.2878983616E-01    0.4029327026E+01
    0.3073722853E-01    0.4192760410E+01
    0.3280202556E-01    0.4361721263E+01
    0.3499044427E-01    0.4536360785E+01
    0.3730898509E-01    0.4716833410E+01
    0.3976444258E-01    0.4903296862E+01
    0.4236391662E-01    0.5095912205E+01
    0.4511482375E-01    0.5294843905E+01
    0.4802490905E-01    0.5500259879E+01
    0.5110225820E-01    0.5712331556E+01
    0.5435530999E-01    0.5931233933E+01
    0.5779286914E-01    0.6157145636E+01
    0.6142411952E-01    0.6390248974E+01
    0.6525863774E-01    0.6630730005E+01
    0.6930640709E-01    0.6878778593E+01
    0.7357783189E-01    0.7134588473E+01
    0.7808375226E-01    0.7398357310E+01
    0.8283545925E-01    0.7670286767E+01
    0.8784471044E-01    0.7950582567E+01
    0.9312374586E-01    0.8239454560E+01
    0.9868530446E-01    0.8537116788E+01
    0.1045426409E+00    0.8843787555E+01
    0.1107095429E+00    0.9159689493E+01
    0.1172003489E+00    0.9485049634E+01
    0.1240299662E+00    0.9820099480E+01
    0.1312138900E+00    0.1016507507E+02
    0.1387682217E+00    0.1052021707E+02
    0.1467096896E+00    0.1088577082E+02
    0.1550556681E+00    0.1126198642E+02
    0.1638241985E+00    0.1164911883E+02
    0.1730340106E+00    0.1204742791E+02
    0.1827045435E+00    0.1245717852E+02
    0.1928559685E+00    0.1287864058E+02
    0.2035092111E+00    0.1331208919E+02
    0.2146859746E+00    0.1375780467E+02
    0.2264087636E+00    0.1421607266E+02
    0.2387009087E+00    0.1468718422E+02
    0.2515865905E+00    0.1517143587E+02
    0.2650908659E+00    0.1566912974E+02
    0.2792396937E+00    0.1618057361E+02
    0.2940599608E+00    0.1670608100E+02
    0.3095795101E+00    0.1724597129E+02
    0.3258271676E+00    0.1780056982E+02
    0.3428327711E+00    0.1837020791E+02
    0.3606271990E+00    0.1895522304E+02
    0.3792423999E+00    0.1955595891E+02
    0.3987114231E+00    0.2017276553E+02
    0.4190684490E+00    0.2080599933E+02
    0.4403488206E+00    0.2145602328E+02
    0.4625890762E+00    0.2212320693E+02
    0.4858269817E+00    0.2280792659E+02
    0.5101015642E+00    0.2351056538E+02
    0.5354531460E+00    0.2423151338E+02
    0.5619233798E+00    0.2497116770E+02
    0.5895552839E+00    0.2572993259E+02
    0.6183932783E+00    0.2650821960E+02
    0.6484832221E+00    0.2730644762E+02
    0.6798724507E+00    0.2812504308E+02
    0.7126098142E+00    0.2896443997E+02
    0.7467457165E+00    0.2982508006E+02
    0.7823321553E+00    0.3070741291E+02
    0.8194227623E+00    0.3161189610E+02
    0.8580728446E+00    0.3253899528E+02
    0.8983394270E+00    0.3348918432E+02
    0.9402812945E+00    0.3446294543E+02
    0.9839590358E+00    0.3546076930E+02
    0.1029435088E+01    0.3648315521E+02
    0.1076773781E+01    0.3753061120E+02
    0.1126041385E+01    0.3860365416E+02
    0.1177306155E+01    0.3970280998E+02
    0.1230638379E+01    0.4082861371E+02
    0.1286110429E+01    0.4198160967E+02
    0.1343796806E+01    0.4316235162E+02
    0.1403774191E+01    0.4437140287E+02
    0.1466121499E+01    0.4560933647E+02
    0.1530919927E+01    0.4687673530E+02
    0.1598253007E+01    0.4817419227E+02
    0.1668206660E+01    0.4950231046E+02
    0.1740869252E+01    0.5086170326E+02
    0.1816331643E+01    0.5225299454E+02
    0.1894687251E+01    0.5367681880E+02
    0.1976032103E+01    0.5513382132E+02
    0.2060464893E+01    0.5662465836E+02
    0.2148087044E+01    0.5814999729E+02
    0.2239002763E+01    0.5971051676E+02
    0.2333319104E+01    0.6130690690E+02
    0.2431146030E+01    0.6293986944E+02
    0.2532596470E+01    0.6461011794E+02
    0.2637786389E+01    0.6631837793E+02
    0.2746834847E+01    0.6806538708E+02
    0.2859864064E+01    0.6985189544E+02
    0.2976999489E+01    0.7167866554E+02
    0.3098369863E+01    0.7354647265E+02
    0.3224107288E+01    0.7545610492E+02
    0.3354347298E+01    0.7740836359E+02
    0.3489228923E+01    0.7940406318E+02
    0.3628894763E+01    0.8144403170E+02
    0.3773491062E+01    0.8352911083E+02
    0.3923167773E+01    0.8566015610E+02
    0.4078078639E+01    0.8783803715E+02
    0.4238381260E+01    0.9006363790E+02
    0.4404237177E+01    0.9233785676E+02
    0.4575811938E+01    0.9466160685E+02
    0.4753275185E+01    0.9703581618E+02
    0.4936800724E+01    0.9946142795E+02
    0.5126566610E+01    0.1019394007E+03
    0.5322755225E+01    0.1044707084E+03
    0.5525553357E+01    0.1070563412E+03
    0.5735152287E+01    0.1096973048E+03
    0.5951747869E+01    0.1123946216E+03
    0.6175540613E+01    0.1151493301E+03
    0.6406735773E+01    0.1179624858E+03
    0.6645543434E+01    0.1208351612E+03
    0.6892178595E+01    0.1237684457E+03
    0.7146861262E+01    0.1267634465E+03
    0.7409816533E+01    0.1298212884E+03
    0.7681274693E+01    0.1329431139E+03
    0.7961471302E+01    0.1361300842E+03
    0.8250647288E+01    0.1393833786E+03
    0.8549049043E+01    0.1427041951E+03
    0.8856928514E+01    0.1460937510E+03
    0.9174543302E+01    0.1495532825E+03
    0.9502156756E+01    0.1530840456E+03
    0.9840038073E+01    0.1566873160E+03
    0.1018846240E+02    0.1603643894E+03
    0.1054771092E+02    0.1641165820E+03
    0.1091807096E+02    0.1679452304E+03
    0.1129983613E+02    0.1718516924E+03
    0.1169330635E+02    0.1758373468E+03
    0.1209878802E+02    0.1799035941E+03
    0.1251659410E+02    0.1840518563E+03
    0.1294704422E+02    0.1882835778E+03
    0.1339046477E+02    0.1926002251E+03
    0.1384718905E+02    0.1970032878E+03
    0.1431755735E+02    0.2014942781E+03
    0.1480191705E+02    0.2060747317E+03
    0.1530062277E+02    0.2107462080E+03
    0.1581403645E+02    0.2155102902E+03
    0.1634252749E+02    0.2203685859E+03
    0.1688647283E+02    0.2253227273E+03
    0.1744625711E+02    0.2303743714E+03
    0.1802227277E+02    0.2355252007E+03
    0.1861492014E+02    0.2407769230E+03
    0.1922460763E+02    0.2461312724E+03
    0.1985175176E+02    0.2515900091E+03
    0.2049677737E+02    0.2571549198E+03
    0.2116011769E+02    0.2628278183E+03
    0.2184221447E+02    0.2686105460E+03
    0.2254351815E+02    0.2745049716E+03
    0.2326448792E+02    0.2805129921E+03
    0.2400559191E+02    0.2866365328E+03
    0.2476730726E+02    0.2928775480E+03
    0.2555012032E+02    0.2992380209E+03
    0.2635452674E+02    0.3057199645E+03
    0.2718103158E+02    0.3123254216E+03
    0.2803014951E+02    0.3190564654E+03
    0.2890240491E+02    0.3259151997E+03
    0.2979833199E+02    0.3329037596E+03
    0.3071847495E+02    0.3400243114E+03
    0.3166338814E+02    0.3472790536E+03
    0.3263363616E+02    0.3546702169E+03
    0.3362979403E+02    0.3622000646E+03
    0.3465244732E+02    0.3698708934E+03
    0.3570219230E+02    0.3776850334E+03
    0.3677963609E+02    0.3856448485E+03
    0.3788539682E+02    0.3937527374E+03
    0.3902010374E+02    0.4020111332E+03
    0.4018439740E+02    0.4104225046E+03
    0.4137892981E+02    0.4189893559E+03
    0.4260436456E+02    0.4277142275E+03
    0.4386137702E+02    0.4365996964E+03
    0.4515065445E+02    0.4456483767E+03
    0.4647289618E+02    0.4548629200E+03
    0.4782881377E+02    0.4642460158E+03
    0.4921913115E+02    0.4738003921E+03
    0.5064458483E+02    0.4835288159E+03
    0.5210592399E+02    0.4934340932E+03
    0.5360391072E+02    0.5035190704E+03
    0.5513932013E+02    0.5137866337E+03
    0.5671294053E+02    0.5242397106E+03
    0.5832557362E+02    0.5348812694E+03
    0.5997803463E+02    0.5457143208E+03
    0.6167115253E+02    0.5567419173E+03
    0.6340577015E+02    0.5679671545E+03
    0.6518274440E+02    0.5793931712E+03
    0.6700294642E+02    0.5910231502E+03
    0.6886726178E+02    0.6028603185E+03
    0.7077659063E+02    0.6149079481E+03
    0.7273184789E+02    0.6271693563E+03
    0.7473396346E+02    0.6396479066E+03
    0.7678388236E+02    0.6523470086E+03
    0.7888256494E+02    0.6652701193E+03
    0.8103098705E+02    0.6784207431E+03
    0.8323014027E+02    0.6918024326E+03
    0.8548103202E+02    0.7054187891E+03
    0.8778468585E+02    0.7192734630E+03
    0.9014214154E+02    0.7333701548E+03
    0.9255445536E+02    0.7477126153E+03
    0.9502270023E+02    0.7623046462E+03
    0.9754796593E+02    0.7771501007E+03
    0.1001313593E+03    0.7922528844E+03
    0.1027740044E+03    0.8076169555E+03
    0.1054770429E+03    0.8232463256E+03
    0.1082416339E+03    0.8391450601E+03
    0.1110689546E+03    0.8553172792E+03
    0.1139602000E+03    0.8717671580E+03
    0.1169165837E+03    0.8884989277E+03
    0.1199393376E+03    0.9055168756E+03
    0.1230297124E+03    0.9228253464E+03
    0.1261889776E+03    0.9404287421E+03
    0.1294184219E+03    0.9583315233E+03
    0.1327193535E+03    0.9765382096E+03
    0.1360931000E+03    0.9950533799E+03
    0.1395410087E+03    0.1013881674E+04
    0.1430644473E+03    0.1033027792E+04
    0.1466648033E+03    0.1052496495E+04
    0.1503434849E+03    0.1072292609E+04
    0.1541019210E+03    0.1092421020E+04
    0.1579415615E+03    0.1112886679E+04
    0.1618638771E+03    0.1133694602E+04
    0.1658703603E+03    0.1154849868E+04
    0.1699625251E+03    0.1176357624E+04
    0.1741419072E+03    0.1198223082E+04
    0.1784100647E+03    0.1220451522E+04
    0.1827685777E+03    0.1243048291E+04
    0.1872190491E+03    0.1266018806E+04
    0.1917631046E+03    0.1289368551E+04
    0.1964023929E+03    0.1313103083E+04
    0.2011385863E+03    0.1337228027E+04
    0.2059733802E+03    0.1361749082E+04
    0.2109084943E+03    0.1386672018E+04
    0.2159456720E+03    0.1412002678E+04
    0.2210866813E+03    0.1437746979E+04
    0.2263333146E+03    0.1463910914E+04
    0.2316873895E+03    0.1490500549E+04
    0.2371507482E+03    0.1517522028E+04
    0.2427252587E+03    0.1544981571E+04
    0.2484128144E+03    0.1572885476E+04
    0.2542153349E+03    0.1601240121E+04
    0.2601347657E+03    0.1630051960E+04
    0.2661730788E+03    0.1659327532E+04
    0.2723322731E+03    0.1689073452E+04
    0.2786143743E+03    0.1719296420E+04
    0.2850214356E+03    0.1750003219E+04
    0.2915555375E+03    0.1781200713E+04
    0.2982187887E+03    0.1812895852E+04
    0.3050133258E+03    0.1845095672E+04
    0.3119413137E+03    0.1877807294E+04
    0.3190049463E+03    0.1911037926E+04
    0.3262064464E+03    0.1944794863E+04
    0.3335480660E+03    0.1979085491E+04
    0.3410320868E+03    0.2013917284E+04
    0.3486608204E+03    0.2049297807E+04
    0.3564366083E+03    0.2085234716E+04
    0.3643618230E+03    0.2121735759E+04
    0.3724388673E+03    0.2158808779E+04
    0.3806701755E+03    0.2196461711E+04
    0.3890582129E+03    0.2234702587E+04
    0.3976054770E+03    0.2273539532E+04
    0.4063144969E+03    0.2312980772E+04
    0.4151878343E+03    0.2353034629E+04
    0.4242280834E+03    0.2393709522E+04
    0.4334378716E+03    0.2435013973E+04
    0.4428198594E+03    0.2476956603E+04
    0.4523767410E+03    0.2519546134E+04
    0.4621112447E+03    0.2562791394E+04
    0.4720261329E+03    0.2606701310E+04
    0.4821242027E+03    0.2651284919E+04
    0.4924082862E+03    0.2696551360E+04
    0.5028812506E+03    0.2742509879E+04
    0.5135459991E+03    0.2789169832E+04
    0.5244054704E+03    0.2836540681E+04
    0.5354626399E+03    0.2884632000E+04
    0.5467205196E+03    0.2933453474E+04
    0.5581821583E+03    0.2983014898E+04
    0.5698506424E+03    0.3033326181E+04
    0.5817290959E+03    0.3084397347E+04
    0.5938206809E+03    0.3136238533E+04
    0.6061285979E+03    0.3188859994E+04
    0.6186560863E+03    0.3242272102E+04
    0.6314064246E+03    0.3296485348E+04
    0.6443829307E+03    0.3351510339E+04
    0.6575889626E+03    0.3407357808E+04
    0.6710279184E+03    0.3464038605E+04
    0.6847032369E+03    0.3521563705E+04
    0.6986183979E+03    0.3579944208E+04
    0.7127769228E+03    0.3639191336E+04
    0.7271823743E+03    0.3699316440E+04
    0.7418383578E+03    0.3760330998E+04
    0.7567485208E+03    0.3822246615E+04
    0.7719165541E+03    0.3885075028E+04
    0.7873461916E+03    0.3948828103E+04
    0.8030412109E+03    0.4013517839E+04
    0.8190054339E+03    0.4079156368E+04
    0.8352427270E+03    0.4145755957E+04
    0.8517570013E+03    0.4213329009E+04
    0.8685522134E+03    0.4281888062E+04
    0.8856323658E+03    0.4351445795E+04
    0.9030015068E+03    0.4422015024E+04
    0.9206637315E+03    0.4493608708E+04
    0.9386231820E+03    0.4566239946E+04
    0.9568840476E+03    0.4639921981E+04
    0.9754505657E+03    0.4714668199E+04
    0.9943270218E+03    0.4790492135E+04
    0.1013517750E+04    0.4867407468E+04
    0.1033027134E+04    0.4945428026E+04
    0.1052859605E+04    0.5024567789E+04
    0.1073019648E+04    0.5104840883E+04
    0.1093511796E+04    0.5186261592E+04
    0.1114340631E+04    0.5268844349E+04
    0.1135510791E+04    0.5352603745E+04
    0.1157026962E+04    0.5437554526E+04
    0.1178893882E+04    0.5523711594E+04
    0.1201116346E+04    0.5611090014E+04
    0.1223699197E+04    0.5699705008E+04
    0.1246647334E+04    0.5789571961E+04
    0.1269965710E+04    0.5880706421E+04
    0.1293659333E+04    0.5973124100E+04
    0.1317733265E+04    0.6066840878E+04
    0.1342192622E+04    0.6161872800E+04
    0.1367042580E+04    0.6258236081E+04
    0.1392288368E+04    0.6355947106E+04
    0.1417935273E+04    0.6455022433E+04
    0.1443988639E+04    0.6555478790E+04
    0.1470453868E+04    0.6657333082E+04
    0.1497336422E+04    0.6760602391E+04
    0.1524641818E+04    0.6865303975E+04
    0.1552375637E+04    0.6971455270E+04
    0.1580543516E+04    0.7079073896E+04
    0.1609151154E+04    0.7188177651E+04
    0.1638204312E+04    0.7298784520E+04
    0.1667708809E+04    0.7410912672E+04
    0.1697670530E+04    0.7524580462E+04
    0.1728095419E+04    0.7639806435E+04
    0.1758989484E+04    0.7756609323E+04
    0.1790358798E+04    0.7875008052E+04
    0.1822209495E+04    0.7995021739E+04
    0.1854547777E+04    0.8116669699E+04
    0.1887379908E+04    0.8239971438E+04
    0.1920712218E+04    0.8364946664E+04
    0.1954551105E+04    0.8491615283E+04
    0.1988903031E+04    0.8619997401E+04
    0.2023774528E+04    0.8750113328E+04
    0.2059172194E+04    0.8881983578E+04
    0.2095102695E+04    0.9015628871E+04
    0.2131572766E+04    0.9151070134E+04
    0.2168589213E+04    0.9288328503E+04
    0.2206158910E+04    0.9427425328E+04
    0.2244288802E+04    0.9568382168E+04
    0.2282985906E+04    0.9711220798E+04
    0.2322257310E+04    0.9855963209E+04
    0.2362110174E+04    0.1000263161E+05
    0.2402551730E+04    0.1015124843E+05
    0.2443589286E+04    0.1030183632E+05
    0.2485230223E+04    0.1045441815E+05
    0.2527481994E+04    0.1060901702E+05
    0.2570352130E+04    0.1076565625E+05
    0.2613848237E+04    0.1092435940E+05
    0.2657977998E+04    0.1108515025E+05
    0.2702749172E+04    0.1124805282E+05
    0.2748169595E+04    0.1141309135E+05
    0.2794247184E+04    0.1158029033E+05
    0.2840989930E+04    0.1174967449E+05
    0.2888405909E+04    0.1192126878E+05
    0.2936503273E+04    0.1209509841E+05
    0.2985290257E+04    0.1227118883E+05
    0.3034775175E+04    0.1244956572E+05
    0.3084966426E+04    0.1263025503E+05
    0.3135872488E+04    0.1281328294E+05
    0.3187501925E+04    0.1299867590E+05
    0.3239863384E+04    0.1318646059E+05
    0.3292965597E+04    0.1337666396E+05
    0.3346817379E+04    0.1356931322E+05
    0.3401427634E+04    0.1376443582E+05
    0.3456805350E+04    0.1396205949E+05
    0.3512959604E+04    0.1416221221E+05
    0.3569899558E+04    0.1436492223E+05
    0.3627634467E+04    0.1457021807E+05
    0.3686173670E+04    0.1477812851E+05
    0.3745526599E+04    0.1498868262E+05
    0.3805702777E+04    0.1520190970E+05
    0.3866711815E+04    0.1541783938E+05
    0.3928563420E+04    0.1563650153E+05
    0.3991267389E+04    0.1585792630E+05
    0.4054833611E+04    0.1608214415E+05
    0.4119272073E+04    0.1630918579E+05
    0.4184592853E+04    0.1653908223E+05
    0.4250806127E+04    0.1677186476E+05
    0.4317922165E+04    0.1700756498E+05
    0.4385951335E+04    0.1724621476E+05
    0.4454904103E+04    0.1748784627E+05
    0.4524791032E+04    0.1773249199E+05
    0.4595622785E+04    0.1798018466E+05
    0.4667410124E+04    0.1823095737E+05
    0.4740163912E+04    0.1848484348E+05
    0.4813895113E+04    0.1874187666E+05
    0.4888614794E+04    0.1900209090E+05
    0.4964334123E+04    0.1926552049E+05
    0.5041064373E+04    0.1953220002E+05
    0.5118816920E+04    0.1980216442E+05
    0.5197603245E+04    0.2007544892E+05
    0.5277434936E+04    0.2035208906E+05
    0.5358323686E+04    0.2063212073E+05
    0.5440281298E+04    0.2091558011E+05
    0.5523319679E+04    0.2120250373E+05
    0.5607450849E+04    0.2149292843E+05
    0.5692686935E+04    0.2178689141E+05
    0.5779040175E+04    0.2208443015E+05
    0.5866522919E+04    0.2238558252E+05
    0.5955147629E+04    0.2269038670E+05
    0.6044926878E+04    0.2299888121E+05
    0.6135873355E+04    0.2331110492E+05
    0.6227999863E+04    0.2362709704E+05
    0.6321319320E+04    0.2394689713E+05
    0.6415844759E+04    0.2427054509E+05
    0.6511589332E+04    0.2459808119E+05
    0.6608566307E+04    0.2492954604E+05
    0.6706789072E+04    0.2526498062E+05
    0.6806271134E+04    0.2560442625E+05
    0.6907026120E+04    0.2594792464E+05
    0.7009067778E+04    0.2629551783E+05
    0.7112409979E+04    0.2664724826E+05
    0.7217066716E+04    0.2700315872E+05
    0.7323052106E+04    0.2736329239E+05
    0.7430380391E+04    0.2772769279E+05
    0.7539065937E+04    0.2809640387E+05
    0.7649123239E+04    0.2846946991E+05
    0.7760566917E+04    0.2884693561E+05
    0.7873411720E+04    0.2922884604E+05
    0.7987672525E+04    0.2961524665E+05
    0.8103364341E+04    0.3000618329E+05
    0.8220502306E+04    0.3040170221E+05
    0.8339101690E+04    0.3080185005E+05
    0.8459177896E+04    0.3120667385E+05
    0.8580746461E+04    0.3161622106E+05
    0.8703823055E+04    0.3203053951E+05
    0.8828423485E+04    0.3244967746E+05
    0.8954563694E+04    0.3287368358E+05
    0.9082259761E+04    0.3330260694E+05
    0.9211527904E+04    0.3373649703E+05
    0.9342384481E+04    0.3417540378E+05
    0.9474845988E+04    0.3461937750E+05
    0.9608929064E+04    0.3506846897E+05
    0.9744650490E+04    0.3552272936E+05
    0.9882027188E+04    0.3598221029E+05
    0.1002107622E+05    0.3644696380E+05
    0.1016181481E+05    0.3691704239E+05
    0.1030426031E+05    0.3739249898E+05
    0.1044843022E+05    0.3787338692E+05
    0.1059434220E+05    0.3835976004E+05
    0.1074201405E+05    0.3885167258E+05
    0.1089146371E+05    0.3934917927E+05
    0.1104270930E+05    0.3985233525E+05
    0.1119576906E+05    0.4036119615E+05
    0.1135066140E+05    0.4087581805E+05
    0.1150740488E+05    0.4139625749E+05
    0.1166601822E+05    0.4192257147E+05
    0.1182652029E+05    0.4245481748E+05
    0.1198893011E+05    0.4299305347E+05
    0.1215326688E+05    0.4353733785E+05
    0.1231954994E+05    0.4408772954E+05
    0.1248779878E+05    0.4464428791E+05
    0.1265803309E+05    0.4520707284E+05
    0.1283027268E+05    0.4577614468E+05
    0.1300453756E+05    0.4635156428E+05
    0.1318084787E+05    0.4693339298E+05
    0.1335922393E+05    0.4752169262E+05
    0.1353968624E+05    0.4811652554E+05
    0.1372225545E+05    0.4871795460E+05
    0.1390695239E+05    0.4932604313E+05
    0.1409379804E+05    0.4994085500E+05
    0.1428281358E+05    0.5056245459E+05
    0.1447402033E+05    0.5119090679E+05
    0.1466743981E+05    0.5182627702E+05
    0.1486309371E+05    0.5246863120E+05
    0.1506100387E+05    0.5311803581E+05
    0.1526119234E+05    0.5377455785E+05
    0.1546368133E+05    0.5443826483E+05
    0.1566849323E+05    0.5510922483E+05
    0.1587565062E+05    0.5578750646E+05
    0.1608517623E+05    0.5647317887E+05
    0.1629709302E+05    0.5716631175E+05
    0.1651142409E+05    0.5786697535E+05
    0.1672819275E+05    0.5857524049E+05
    0.1694742249E+05    0.5929117852E+05
    0.1716913697E+05    0.6001486138E+05
    0.1739336007E+05    0.6074636154E+05
    0.1762011584E+05    0.6148575208E+05
    0.1784942851E+05    0.6223310662E+05
    0.1808132252E+05    0.6298849937E+05
    0.1831582250E+05    0.6375200511E+05
    0.1855295326E+05    0.6452369922E+05
    0.1879273983E+05    0.6530365766E+05
    0.1903520741E+05    0.6609195697E+05
    0.1928038141E+05    0.6688867430E+05
    0.1952828744E+05    0.6769388738E+05
    0.1977895132E+05    0.6850767457E+05
    0.2003239904E+05    0.6933011479E+05
    0.2028865682E+05    0.7016128762E+05
    0.2054775109E+05    0.7100127322E+05
    0.2080970845E+05    0.7185015238E+05
    0.2107455573E+05    0.7270800650E+05
    0.2134231998E+05    0.7357491762E+05
    0.2161302844E+05    0.7445096839E+05
    0.2188670855E+05    0.7533624210E+05
    0.2216338799E+05    0.7623082269E+05
    0.2244309463E+05    0.7713479471E+05
    0.2272585657E+05    0.7804824339E+05
    0.2301170212E+05    0.7897125457E+05
    0.2330065980E+05    0.7990391477E+05
    0.2359275834E+05    0.8084631114E+05
    0.2388802673E+05    0.8179853153E+05
    0.2418649413E+05    0.8276066441E+05
    0.2448818995E+05    0.8373279893E+05
    0.2479314383E+05    0.8471502494E+05
    0.2510138561E+05    0.8570743292E+05
    0.2541294537E+05    0.8671011407E+05
    0.2572785343E+05    0.8772316024E+05
    0.2604614031E+05    0.8874666399E+05
    0.2636783678E+05    0.8978071858E+05
    0.2669297384E+05    0.9082541793E+05
    0.2702158271E+05    0.9188085669E+05
    0.2735369487E+05    0.9294713022E+05
    0.2768934202E+05    0.9402433456E+05
    0.2802855608E+05    0.9511256648E+05
    0.2837136924E+05    0.9621192347E+05
    0.2871781392E+05    0.9732250374E+05
    0.2906792276E+05    0.9844440622E+05
    0.2942172868E+05    0.9957773057E+05
    0.2977926481E+05    0.1007225772E+06
    0.3014056455E+05    0.1018790472E+06
    0.3050566153E+05    0.1030472425E+06
    0.3087458964E+05    0.1042272657E+06
    0.3124738302E+05    0.1054192202E+06
    0.3162407605E+05    0.1066232102E+06
    0.3200470338E+05    0.1078393404E+06
    0.3238929989E+05    0.1090677166E+06
    0.3277790075E+05    0.1103084452E+06
    0.3317054136E+05    0.1115616335E+06
    0.3356725739E+05    0.1128273893E+06
    0.3396808477E+05    0.1141058214E+06
    0.3437305969E+05    0.1153970395E+06
    0.3478221860E+05    0.1167011539E+06
    0.3519559822E+05    0.1180182756E+06
    0.3561323554E+05    0.1193485166E+06
    0.3603516782E+05    0.1206919898E+06
    0.3646143257E+05    0.1220488085E+06
    0.3689206759E+05    0.1234190873E+06
    0.3732711096E+05    0.1248029413E+06
    0.3776660100E+05    0.1262004866E+06
    0.3821057635E+05    0.1276118399E+06
    0.3865907590E+05    0.1290371190E+06
    0.3911213882E+05    0.1304764423E+06
    0.3956980457E+05    0.1319299293E+06
    0.4003211289E+05    0.1333977002E+06
    0.4049910380E+05    0.1348798760E+06
    0.4097081761E+05    0.1363765787E+06
    0.4144729491E+05    0.1378879310E+06
    0.4192857659E+05    0.1394140566E+06
    0.4241470382E+05    0.1409550800E+06
    0.4290571807E+05    0.1425111266E+06
    0.4340166110E+05    0.1440823228E+06
    0.4390257497E+05    0.1456687957E+06
    0.4440850203E+05    0.1472706734E+06
    0.4491948492E+05    0.1488880848E+06
    0.4543556662E+05    0.1505211599E+06
    0.4595679036E+05    0.1521700293E+06
    0.4648319971E+05    0.1538348248E+06
    0.4701483853E+05    0.1555156790E+06
    0.4755175099E+05    0.1572127255E+06
    0.4809398157E+05    0.1589260986E+06
    0.4864157507E+05    0.1606559338E+06
    0.4919457658E+05    0.1624023675E+06
    0.4975303153E+05    0.1641655368E+06
    0.5031698565E+05    0.1659455801E+06
    0.5088648498E+05    0.1677426364E+06
    0.5146157591E+05    0.1695568461E+06
    0.5204230511E+05    0.1713883501E+06
    0.5262871961E+05    0.1732372905E+06
    0.5322086675E+05    0.1751038104E+06
    0.5381879419E+05    0.1769880538E+06
    0.5442254992E+05    0.1788901657E+06
    0.5503218227E+05    0.1808102922E+06
    0.5564773990E+05    0.1827485803E+06
    0.5626927179E+05    0.1847051779E+06
    0.5689682728E+05    0.1866802341E+06
    0.5753045602E+05    0.1886738990E+06
    0.5817020802E+05    0.1906863234E+06
    0.5881613361E+05    0.1927176597E+06
    0.5946828350E+05    0.1947680608E+06
    0.6012670870E+05    0.1968376809E+06
    0.6079146060E+05    0.1989266752E+06
    0.6146259092E+05    0.2010351999E+06
    0.6214015174E+05    0.2031634123E+06
    0.6282419549E+05    0.2053114707E+06
    0.6351477495E+05    0.2074795346E+06
    0.6421194326E+05    0.2096677644E+06
    0.6491575392E+05    0.2118763217E+06
    0.6562626078E+05    0.2141053691E+06
    0.6634351808E+05    0.2163550703E+06
    0.6706758038E+05    0.2186255902E+06
    0.6779850264E+05    0.2209170946E+06
    0.6853634017E+05    0.2232297506E+06
    0.6928114867E+05    0.2255637263E+06
    0.7003298419E+05    0.2279191910E+06
    0.7079190316E+05    0.2302963149E+06
    0.7155796240E+05    0.2326952697E+06
    0.7233121908E+05    0.2351162280E+06
    0.7311173077E+05    0.2375593634E+06
    0.7389955542E+05    0.2400248510E+06
    0.7469475135E+05    0.2425128667E+06
    0.7549737729E+05    0.2450235879E+06
    0.7630749234E+05    0.2475571929E+06
    0.7712515600E+05    0.2501138613E+06
    0.7795042813E+05    0.2526937738E+06
    0.7878336904E+05    0.2552971124E+06
    0.7962403939E+05    0.2579240601E+06
    0.8047250025E+05    0.2605748013E+06
    0.8132881310E+05    0.2632495214E+06
    0.8219303982E+05    0.2659484073E+06
    0.8306524268E+05    0.2686716467E+06
    0.8394548438E+05    0.2714194290E+06
    0.8483382799E+05    0.2741919444E+06
    0.8573033704E+05    0.2769893845E+06
    0.8663507545E+05    0.2798119423E+06
    0.8754810753E+05    0.2826598118E+06
    0.8846949805E+05    0.2855331884E+06
    0.8939931217E+05    0.2884322687E+06
    0.9033761548E+05    0.2913572505E+06
    0.9128447401E+05    0.2943083331E+06
    0.9223995418E+05    0.2972857168E+06
    0.9320412287E+05    0.3002896033E+06
    0.9417704737E+05    0.3033201957E+06
    0.9515879543E+05    0.3063776983E+06
    0.9614943519E+05    0.3094623166E+06
    0.9714903527E+05    0.3125742576E+06
    0.9815766470E+05    0.3157137295E+06
    0.9917539297E+05    0.3188809419E+06
    0.1002022900E+06    0.3220761057E+06
    0.1012384262E+06    0.3252994331E+06
    0.1022838723E+06    0.3285511377E+06
    0.1033386996E+06    0.3318314345E+06
    0.1044029799E+06    0.3351405396E+06
    0.1054767853E+06    0.3384786709E+06
    0.1065601885E+06    0.3418460472E+06
    0.1076532626E+06    0.3452428891E+06
    0.1087560810E+06    0.3486694183E+06
    0.1098687179E+06    0.3521258579E+06
    0.1109912476E+06    0.3556124327E+06
    0.1121237453E+06    0.3591293686E+06
    0.1132662862E+06    0.3626768930E+06
    0.1144189464E+06    0.3662552347E+06
    0.1155818021E+06    0.3698646241E+06
    0.1167549303E+06    0.3735052927E+06
    0.1179384082E+06    0.3771774739E+06
    0.1191323137E+06    0.3808814021E+06
    0.1203367250E+06    0.3846173134E+06
    0.1215517211E+06    0.3883854453E+06
    0.1227773811E+06    0.3921860369E+06
    0.1240137848E+06    0.3960193285E+06
    0.1252610126E+06    0.3998855622E+06
    0.1265191451E+06    0.4037849814E+06
    0.1277882636E+06    0.4077178311E+06
    0.1290684500E+06    0.4116843577E+06
    0.1303597864E+06    0.4156848092E+06
    0.1316623557E+06    0.4197194351E+06
    0.1329762412E+06    0.4237884865E+06
    0.1343015266E+06    0.4278922159E+06
    0.1356382963E+06    0.4320308774E+06
    0.1369866351E+06    0.4362047268E+06
    0.1383466284E+06    0.4404140212E+06
    0.1397183621E+06    0.4446590195E+06
    0.1411019225E+06    0.4489399820E+06
    0.1424973967E+06    0.4532571708E+06
    0.1439048720E+06    0.4576108493E+06
    0.1453244364E+06    0.4620012828E+06
    0.1467561786E+06    0.4664287380E+06
    0.1482001875E+06    0.4708934834E+06
    0.1496565528E+06    0.4753957888E+06
    0.1511253646E+06    0.4799359260E+06
    0.1526067137E+06    0.4845141682E+06
    0.1541006913E+06    0.4891307904E+06
    0.1556073891E+06    0.4937860692E+06
    0.1571268996E+06    0.4984802827E+06
    0.1586593156E+06    0.5032137110E+06
    0.1602047307E+06    0.5079866356E+06
    0.1617632388E+06    0.5127993398E+06
    0.1633349345E+06    0.5176521086E+06
    0.1649199131E+06    0.5225452286E+06
    0.1665182703E+06    0.5274789884E+06
    0.1681301023E+06    0.5324536779E+06
    0.1697555060E+06    0.5374695890E+06
    0.1713945790E+06    0.5425270153E+06
    0.1730474192E+06    0.5476262522E+06
    0.1747141253E+06    0.5527675967E+06
    0.1763947965E+06    0.5579513477E+06
    0.1780895326E+06    0.5631778057E+06
    0.1797984339E+06    0.5684472731E+06
    0.1815216016E+06    0.5737600542E+06
    0.1832591371E+06    0.5791164549E+06
    0.1850111427E+06    0.5845167829E+06
    0.1867777211E+06    0.5899613479E+06
    0.1885589758E+06    0.5954504613E+06
    0.1903550107E+06    0.6009844362E+06
    0.1921659305E+06    0.6065635878E+06
    0.1939918404E+06    0.6121882330E+06
    0.1958328463E+06    0.6178586905E+06
    0.1976890546E+06    0.6235752810E+06
    0.1995605724E+06    0.6293383270E+06
    0.2014475075E+06    0.6351481528E+06
    0.2033499682E+06    0.6410050849E+06
    0.2052680635E+06    0.6469094512E+06
    0.2072019030E+06    0.6528615820E+06
    0.2091515970E+06    0.6588618092E+06
    0.2111172563E+06    0.6649104668E+06
    0.2130989926E+06    0.6710078905E+06
    0.2150969179E+06    0.6771544183E+06
    0.2171111452E+06    0.6833503898E+06
    0.2191417880E+06    0.6895961468E+06
    0.2211889603E+06    0.6958920329E+06
    0.2232527770E+06    0.7022383939E+06
    0.2253333536E+06    0.7086355774E+06
    0.2274308062E+06    0.7150839330E+06
    0.2295452517E+06    0.7215838124E+06
    0.2316768074E+06    0.7281355692E+06
    0.2338255916E+06    0.7347395592E+06
    0.2359917230E+06    0.7413961401E+06
    0.2381753212E+06    0.7481056717E+06
    0.2403765065E+06    0.7548685158E+06
    0.2425953995E+06    0.7616850362E+06
    0.2448321220E+06    0.7685555991E+06
    0.2470867962E+06    0.7754805723E+06
    0.2493595451E+06    0.7824603260E+06
    0.2516504923E+06    0.7894952326E+06
    0.2539597621E+06    0.7965856662E+06
    0.2562874797E+06    0.8037320034E+06
    0.2586337709E+06    0.8109346228E+06
    0.2609987620E+06    0.8181939051E+06
    0.2633825804E+06    0.8255102332E+06
    0.2657853540E+06    0.8328839921E+06
    0.2682072113E+06    0.8403155690E+06
    0.2706482818E+06    0.8478053534E+06
    0.2731086956E+06    0.8553537367E+06
    0.2755885835E+06    0.8629611128E+06
    0.2780880771E+06    0.8706278776E+06
    0.2806073086E+06    0.8783544293E+06
    0.2831464112E+06    0.8861411684E+06
    0.2857055186E+06    0.8939884974E+06
    0.2882847654E+06    0.9018968213E+06
    0.2908842868E+06    0.9098665473E+06
    0.2935042189E+06    0.9178980847E+06
    0.2961446986E+06    0.9259918453E+06
    0.2988058633E+06    0.9341482431E+06
    0.3014878515E+06    0.9423676943E+06
    0.3041908021E+06    0.9506506175E+06
    0.3069148552E+06    0.9589974337E+06
    0.3096601513E+06    0.9674085660E+06
    0.3124268319E+06    0.9758844401E+06
    0.3152150391E+06    0.9844254839E+06
    0.3180249161E+06    0.9930321276E+06
    0.3208566065E+06    0.1001704804E+07
    0.3237102549E+06    0.1010443948E+07
    0.3265860068E+06    0.1019249997E+07
    0.3294840083E+06    0.1028123391E+07
    0.3324044063E+06    0.1037064572E+07
    0.3353473488E+06    0.1046073985E+07
    0.3383129841E+06    0.1055152077E+07
    0.3413014619E+06    0.1064299297E+07
    0.3443129322E+06    0.1073516097E+07
    0.3473475461E+06    0.1082802932E+07
    0.3504054556E+06    0.1092160259E+07
    0.3534868133E+06    0.1101588538E+07
    0.3565917727E+06    0.1111088229E+07
    0.3597204883E+06    0.1120659797E+07
    0.3628731151E+06    0.1130303711E+07
    0.3660498094E+06    0.1140020437E+07
    0.3692507278E+06    0.1149810450E+07
    0.3724760283E+06    0.1159674224E+07
    0.3757258694E+06    0.1169612234E+07
    0.3790004106E+06    0.1179624962E+07
    0.3822998121E+06    0.1189712890E+07
    0.3856242352E+06    0.1199876501E+07
    0.3889738419E+06    0.1210116285E+07
    0.3923487951E+06    0.1220432731E+07
    0.3957492586E+06    0.1230826331E+07
    0.3991753972E+06    0.1241297581E+07
    0.4026273763E+06    0.1251846979E+07
    0.4061053625E+06    0.1262475026E+07
    0.4096095230E+06    0.1273182225E+07
    0.4131400261E+06    0.1283969082E+07
    0.4166970409E+06    0.1294836106E+07
    0.4202807375E+06    0.1305783808E+07
    0.4238912867E+06    0.1316812703E+07
    0.4275288606E+06    0.1327923306E+07
    0.4311936317E+06    0.1339116139E+07
    0.4348857739E+06    0.1350391723E+07
    0.4386054616E+06    0.1361750584E+07
    0.4423528705E+06    0.1373193249E+07
    0.4461281771E+06    0.1384720250E+07
    0.4499315586E+06    0.1396332119E+07
    0.4537631934E+06    0.1408029393E+07
    0.4576232609E+06    0.1419812611E+07
    0.4615119411E+06    0.1431682316E+07
    0.4654294154E+06    0.1443639052E+07
    0.4693758658E+06    0.1455683366E+07
    0.4733514754E+06    0.1467815810E+07
    0.4773564282E+06    0.1480036937E+07
    0.4813909093E+06    0.1492347304E+07
    0.4854551046E+06    0.1504747469E+07
    0.4895492011E+06    0.1517237994E+07
    0.4936733867E+06    0.1529819446E+07
    0.4978278503E+06    0.1542492392E+07
    0.5020127818E+06    0.1555257403E+07
    0.5062283720E+06    0.1568115053E+07
    0.5104748130E+06    0.1581065919E+07
    0.5147522975E+06    0.1594110581E+07
    0.5190610195E+06    0.1607249622E+07
    0.5234011738E+06    0.1620483629E+07
    0.5277729562E+06    0.1633813190E+07
    0.5321765639E+06    0.1647238897E+07
    0.5366121945E+06    0.1660761346E+07
    0.5410800472E+06    0.1674381135E+07
    0.5455803219E+06    0.1688098864E+07
    0.5501132196E+06    0.1701915140E+07
    0.5546789424E+06    0.1715830568E+07
    0.5592776933E+06    0.1729845760E+07
    0.5639096765E+06    0.1743961330E+07
    0.5685750972E+06    0.1758177894E+07
    0.5732741616E+06    0.1772496073E+07
    0.5780070770E+06    0.1786916490E+07
    0.5827740518E+06    0.1801439771E+07
    0.5875752953E+06    0.1816066545E+07
    0.5924110181E+06    0.1830797447E+07
    0.5972814318E+06    0.1845633112E+07
    0.6021867490E+06    0.1860574179E+07
    0.6071271834E+06    0.1875621291E+07
    0.6121029498E+06    0.1890775094E+07
    0.6171142642E+06    0.1906036236E+07
    0.6221613436E+06    0.1921405371E+07
    0.6272444060E+06    0.1936883154E+07
    0.6323636707E+06    0.1952470244E+07
    0.6375193580E+06    0.1968167304E+07
    0.6427116894E+06    0.1983974998E+07
    0.6479408875E+06    0.1999893997E+07
    0.6532071758E+06    0.2015924973E+07
    0.6585107792E+06    0.2032068602E+07
    0.6638519237E+06    0.2048325562E+07
    0.6692308363E+06    0.2064696537E+07
    0.6746477453E+06    0.2081182213E+07
    0.6801028801E+06    0.2097783279E+07
    0.6855964711E+06    0.2114500428E+07
    0.6911287500E+06    0.2131334356E+07
    0.6966999498E+06    0.2148285765E+07
    0.7023103043E+06    0.2165355356E+07
    0.7079600488E+06    0.2182543837E+07
    0.7136494196E+06    0.2199851919E+07
    0.7193786542E+06    0.2217280315E+07
    0.7251479914E+06    0.2234829743E+07
    0.7309576710E+06    0.2252500924E+07
    0.7368079342E+06    0.2270294583E+07
    0.7426990232E+06    0.2288211449E+07
    0.7486311815E+06    0.2306252252E+07
    0.7546046539E+06    0.2324417729E+07
    0.7606196862E+06    0.2342708619E+07
    0.7666765255E+06    0.2361125665E+07
    0.7727754204E+06    0.2379669612E+07
    0.7789166202E+06    0.2398341212E+07
    0.7851003758E+06    0.2417141219E+07
    0.7913269394E+06    0.2436070389E+07
    0.7975965640E+06    0.2455129484E+07
    0.8039095044E+06    0.2474319270E+07
    0.8102660163E+06    0.2493640514E+07
    0.8166663567E+06    0.2513093990E+07
    0.8231107839E+06    0.2532680474E+07
    0.8295995575E+06    0.2552400746E+07
    0.8361329384E+06    0.2572255591E+07
    0.8427111886E+06    0.2592245795E+07
    0.8493345715E+06    0.2612372151E+07
    0.8560033520E+06    0.2632635454E+07
    0.8627177958E+06    0.2653036503E+07
    0.8694781703E+06    0.2673576102E+07
    0.8762847440E+06    0.2694255058E+07
    0.8831377869E+06    0.2715074182E+07
    0.8900375701E+06    0.2736034289E+07
    0.8969843661E+06    0.2757136198E+07
    0.9039784488E+06    0.2778380732E+07
    0.9110200933E+06    0.2799768718E+07
    0.9181095760E+06    0.2821300986E+07
    0.9252471749E+06    0.2842978373E+07
    0.9324331690E+06    0.2864801716E+07
    0.9396678388E+06    0.2886771859E+07
    0.9469514664E+06    0.2908889648E+07
    0.9542843347E+06    0.2931155936E+07
    0.9616667285E+06    0.2953571577E+07
    0.9690989336E+06    0.2976137430E+07
    0.9765812375E+06    0.2998854359E+07
    0.9841139287E+06    0.3021723232E+07
    0.9916972974E+06    0.3044744919E+07
    0.9993316351E+06    0.3067920298E+07
    0.1007017235E+07    0.3091250248E+07
    0.1014754390E+07    0.3114735654E+07
    0.1022543398E+07    0.3138377404E+07
    0.1030384554E+07    0.3162176390E+07
    0.1038278157E+07    0.3186133511E+07
    0.1046224508E+07    0.3210249666E+07
    0.1054223907E+07    0.3234525762E+07
    0.1062276658E+07    0.3258962708E+07
    0.1070383064E+07    0.3283561418E+07
    0.1078543432E+07    0.3308322812E+07
    0.1086758068E+07    0.3333247811E+07
    0.1095027280E+07    0.3358337344E+07
    0.1103351380E+07    0.3383592340E+07
    0.1111730678E+07    0.3409013738E+07
    0.1120165487E+07    0.3434602476E+07
    0.1128656123E+07    0.3460359500E+07
    0.1137202899E+07    0.3486285758E+07
    0.1145806135E+07    0.3512382206E+07
    0.1154466149E+07    0.3538649800E+07
    0.1163183261E+07    0.3565089503E+07
    0.1171957794E+07    0.3591702283E+07
    0.1180790070E+07    0.3618489112E+07
    0.1189680415E+07    0.3645450965E+07
    0.1198629154E+07    0.3672588823E+07
    0.1207636617E+07    0.3699903673E+07
    0.1216703132E+07    0.3727396503E+07
    0.1225829031E+07    0.3755068308E+07
    0.1235014645E+07    0.3782920089E+07
    0.1244260310E+07    0.3810952848E+07
    0.1253566360E+07    0.3839167594E+07
    0.1262933134E+07    0.3867565341E+07
    0.1272360970E+07    0.3896147106E+07
    0.1281850208E+07    0.3924913912E+07
    0.1291401190E+07    0.3953866786E+07
    0.1301014259E+07    0.3983006762E+07
    0.1310689762E+07    0.4012334874E+07
    0.1320428045E+07    0.4041852166E+07
    0.1330229455E+07    0.4071559684E+07
    0.1340094343E+07    0.4101458479E+07
    0.1350023061E+07    0.4131549608E+07
    0.1360015961E+07    0.4161834131E+07
    0.1370073399E+07    0.4192313114E+07
    0.1380195730E+07    0.4222987628E+07
    0.1390383313E+07    0.4253858750E+07
    0.1400636508E+07    0.4284927559E+07
    0.1410955676E+07    0.4316195141E+07
    0.1421341180E+07    0.4347662587E+07
    0.1431793385E+07    0.4379330992E+07
    0.1442312656E+07    0.4411201457E+07
    0.1452899362E+07    0.4443275088E+07
    0.1463553874E+07    0.4475552995E+07
    0.1474276561E+07    0.4508036294E+07
    0.1485067797E+07    0.4540726106E+07
    0.1495927957E+07    0.4573623556E+07
    0.1506857418E+07    0.4606729776E+07
    0.1517856557E+07    0.4640045902E+07
    0.1528925755E+07    0.4673573075E+07
    0.1540065393E+07    0.4707312441E+07
    0.1551275854E+07    0.4741265152E+07
    0.1562557524E+07    0.4775432365E+07
    0.1573910789E+07    0.4809815242E+07
    0.1585336038E+07    0.4844414950E+07
    0.1596833661E+07    0.4879232662E+07
    0.1608404051E+07    0.4914269556E+07
    0.1620047601E+07    0.4949526815E+07
    0.1631764707E+07    0.4985005627E+07
    0.1643555766E+07    0.5020707187E+07
    0.1655421178E+07    0.5056632693E+07
    0.1667361343E+07    0.5092783350E+07
    0.1679376664E+07    0.5129160368E+07
    0.1691467547E+07    0.5165764963E+07
    0.1703634396E+07    0.5202598354E+07
    0.1715877621E+07    0.5239661769E+07
    0.1728197632E+07    0.5276956440E+07
    0.1740594840E+07    0.5314483603E+07
    0.1753069660E+07    0.5352244501E+07
    0.1765622506E+07    0.5390240383E+07
    0.1778253797E+07    0.5428472502E+07
    0.1790963950E+07    0.5466942119E+07
    0.1803753389E+07    0.5505650497E+07
    0.1816622535E+07    0.5544598908E+07
    0.1829571814E+07    0.5583788628E+07
    0.1842601652E+07    0.5623220938E+07
    0.1855712477E+07    0.5662897127E+07
    0.1868904722E+07    0.5702818488E+07
    0.1882178817E+07    0.5742986319E+07
    0.1895535198E+07    0.5783401926E+07
    0.1908974301E+07    0.5824066619E+07
    0.1922496563E+07    0.5864981714E+07
    0.1936102425E+07    0.5906148534E+07
    0.1949792330E+07    0.5947568406E+07
    0.1963566721E+07    0.5989242664E+07
    0.1977426043E+07    0.6031172648E+07
    0.1991370747E+07    0.6073359702E+07
    0.2005401280E+07    0.6115805179E+07
    0.2019518095E+07    0.6158510436E+07
    0.2033721645E+07    0.6201476836E+07
    0.2048012388E+07    0.6244705748E+07
    0.2062390780E+07    0.6288198547E+07
    0.2076857281E+07    0.6331956615E+07
    0.2091412353E+07    0.6375981339E+07
    0.2106056461E+07    0.6420274111E+07
    0.2120790069E+07    0.6464836332E+07
    0.2135613646E+07    0.6509669406E+07
    0.2150527662E+07    0.6554774745E+07
    0.2165532589E+07    0.6600153767E+07
    0.2180628901E+07    0.6645807896E+07
    0.2195817074E+07    0.6691738561E+07
    0.2211097585E+07    0.6737947198E+07
    0.2226470917E+07    0.6784435251E+07
    0.2241937549E+07    0.6831204167E+07
    0.2257497968E+07    0.6878255402E+07
    0.2273152660E+07    0.6925590416E+07
    0.2288902112E+07    0.6973210677E+07
    0.2304746817E+07    0.7021117658E+07
    0.2320687266E+07    0.7069312841E+07
    0.2336723954E+07    0.7117797710E+07
    0.2352857380E+07    0.7166573760E+07
    0.2369088041E+07    0.7215642489E+07
    0.2385416439E+07    0.7265005403E+07
    0.2401843078E+07    0.7314664015E+07
    0.2418368464E+07    0.7364619842E+07
    0.2434993103E+07    0.7414874410E+07
    0.2451717507E+07    0.7465429250E+07
    0.2468542187E+07    0.7516285902E+07
    0.2485467657E+07    0.7567445908E+07
    0.2502494435E+07    0.7618910822E+07
    0.2519623039E+07    0.7670682200E+07
    0.2536853990E+07    0.7722761608E+07
    0.2554187811E+07    0.7775150616E+07
    0.2571625027E+07    0.7827850802E+07
    0.2589166167E+07    0.7880863752E+07
    0.2606811760E+07    0.7934191056E+07
    0.2624562337E+07    0.7987834312E+07
    0.2642418435E+07    0.8041795126E+07
    0.2660380589E+07    0.8096075109E+07
    0.2678449338E+07    0.8150675879E+07
    0.2696625223E+07    0.8205599061E+07
    0.2714908788E+07    0.8260846289E+07
    0.2733300578E+07    0.8316419200E+07
    0.2751801143E+07    0.8372319441E+07
    0.2770411031E+07    0.8428548665E+07
    0.2789130797E+07    0.8485108531E+07
    0.2807960994E+07    0.8542000707E+07
    0.2826902180E+07    0.8599226865E+07
    0.2845954915E+07    0.8656788688E+07
    0.2865119761E+07    0.8714687862E+07
    0.2884397283E+07    0.8772926083E+07
    0.2903788047E+07    0.8831505052E+07
    0.2923292622E+07    0.8890426480E+07
    0.2942911580E+07    0.8949692081E+07
    0.2962645494E+07    0.9009303581E+07
    0.2982494942E+07    0.9069262708E+07
    0.3002460502E+07    0.9129571202E+07
    0.3022542754E+07    0.9190230807E+07
    0.3042742283E+07    0.9251243276E+07
    0.3063059674E+07    0.9312610368E+07
    0.3083495517E+07    0.9374333851E+07
    0.3104050401E+07    0.9436415498E+07
    0.3124724920E+07    0.9498857091E+07
    0.3145519670E+07    0.9561660419E+07
    0.3166435249E+07    0.9624827279E+07
    0.3187472257E+07    0.9688359475E+07
    0.3208631299E+07    0.9752258818E+07
    0.3229912980E+07    0.9816527127E+07
    0.3251317907E+07    0.9881166228E+07
    0.3272846692E+07    0.9946177954E+07
    0.3294499948E+07    0.1001156415E+08
    0.3316278290E+07    0.1007732666E+08
    0.3338182338E+07    0.1014346734E+08
    0.3360212711E+07    0.1020998806E+08
    0.3382370033E+07    0.1027689069E+08
    0.3404654930E+07    0.1034417711E+08
    0.3427068031E+07    0.1041184921E+08
    0.3449609966E+07    0.1047990887E+08
    0.3472281370E+07    0.1054835801E+08
    0.3495082879E+07    0.1061719854E+08
    0.3518015131E+07    0.1068643236E+08
    0.3541078767E+07    0.1075606142E+08
    0.3564274433E+07    0.1082608764E+08
    0.3587602775E+07    0.1089651296E+08
    0.3611064442E+07    0.1096733934E+08
    0.3634660086E+07    0.1103856873E+08
    0.3658390362E+07    0.1111020310E+08
    0.3682255927E+07    0.1118224442E+08
    0.3706257442E+07    0.1125469467E+08
    0.3730395568E+07    0.1132755585E+08
    0.3754670971E+07    0.1140082995E+08
    0.3779084320E+07    0.1147451898E+08
    0.3803636285E+07    0.1154862495E+08
    0.3828327539E+07    0.1162314988E+08
    0.3853158759E+07    0.1169809581E+08
    0.3878130623E+07    0.1177346477E+08
    0.3903243815E+07    0.1184925881E+08
    0.3928499016E+07    0.1192547998E+08
    0.3953896916E+07    0.1200213035E+08
    0.3979438204E+07    0.1207921199E+08
    0.4005123572E+07    0.1215672698E+08
    0.4030953717E+07    0.1223467741E+08
    0.4056929336E+07    0.1231306537E+08
    0.4083051130E+07    0.1239189297E+08
    0.4109319805E+07    0.1247116232E+08
    0.4135736065E+07    0.1255087555E+08
    0.4162300621E+07    0.1263103479E+08
    0.4189014186E+07    0.1271164217E+08
    0.4215877474E+07    0.1279269984E+08
    0.4242891204E+07    0.1287420996E+08
    0.4270056096E+07    0.1295617470E+08
    0.4297372875E+07    0.1303859622E+08
    0.4324842267E+07    0.1312147671E+08
    0.4352465002E+07    0.1320481836E+08
    0.4380241813E+07    0.1328862336E+08
    0.4408173434E+07    0.1337289394E+08
    0.4436260605E+07    0.1345763229E+08
    0.4464504066E+07    0.1354284066E+08
    0.4492904562E+07    0.1362852127E+08
    0.4521462840E+07    0.1371467637E+08
    0.4550179651E+07    0.1380130821E+08
    0.4579055747E+07    0.1388841905E+08
    0.4608091884E+07    0.1397601116E+08
    0.4637288821E+07    0.1406408682E+08
    0.4666647322E+07    0.1415264832E+08
    0.4696168150E+07    0.1424169796E+08
    0.4725852074E+07    0.1433123804E+08
    0.4755699865E+07    0.1442127087E+08
    0.4785712297E+07    0.1451179878E+08
    0.4815890147E+07    0.1460282411E+08
    0.4846234196E+07    0.1469434920E+08
    0.4876745227E+07    0.1478637640E+08
    0.4907424027E+07    0.1487890806E+08
    0.4938271384E+07    0.1497194657E+08
    0.4969288092E+07    0.1506549429E+08
    0.5000474945E+07    0.1515955363E+08
    0.5031832744E+07    0.1525412697E+08
    0.5063362290E+07    0.1534921673E+08
    0.5095064387E+07    0.1544482531E+08
    0.5126939845E+07    0.1554095516E+08
    0.5158989474E+07    0.1563760870E+08
    0.5191214088E+07    0.1573478838E+08
    0.5223614507E+07    0.1583249665E+08
    0.5256191550E+07    0.1593073598E+08
    0.5288946041E+07    0.1602950884E+08
    0.5321878808E+07    0.1612881772E+08
    0.5354990681E+07    0.1622866511E+08
    0.5388282494E+07    0.1632905350E+08
    0.5421755083E+07    0.1642998543E+08
    0.5455409290E+07    0.1653146340E+08
    0.5489245956E+07    0.1663348995E+08
    0.5523265930E+07    0.1673606761E+08
    0.5557470060E+07    0.1683919896E+08
    0.5591859200E+07    0.1694288653E+08
    0.5626434207E+07    0.1704713291E+08
    0.5661195940E+07    0.1715194067E+08
    0.5696145262E+07    0.1725731241E+08
    0.5731283040E+07    0.1736325073E+08
    0.5766610144E+07    0.1746975824E+08
    0.5802127446E+07    0.1757683756E+08
    0.5837835823E+07    0.1768449132E+08
    0.5873736155E+07    0.1779272217E+08
    0.5909829325E+07    0.1790153274E+08
    0.5946116220E+07    0.1801092572E+08
    0.5982597729E+07    0.1812090376E+08
    0.6019274746E+07    0.1823146955E+08
    0.6056148167E+07    0.1834262578E+08
    0.6093218894E+07    0.1845437516E+08
    0.6130487828E+07    0.1856672039E+08
    0.6167955879E+07    0.1867966420E+08
    0.6205623955E+07    0.1879320933E+08
    0.6243492971E+07    0.1890735851E+08
    0.6281563845E+07    0.1902211450E+08
    0.6319837498E+07    0.1913748007E+08
    0.6358314853E+07    0.1925345799E+08
    0.6396996839E+07    0.1937005105E+08
    0.6435884387E+07    0.1948726204E+08
    0.6474978433E+07    0.1960509377E+08
    0.6514279914E+07    0.1972354906E+08
    0.6553789773E+07    0.1984263073E+08
    0.6593508956E+07    0.1996234163E+08
    0.6633438412E+07    0.2008268461E+08
    0.6673579093E+07    0.2020366251E+08
    0.6713931957E+07    0.2032527823E+08
    0.6754497962E+07    0.2044753463E+08
    0.6795278073E+07    0.2057043461E+08
    0.6836273257E+07    0.2069398108E+08
    0.6877484485E+07    0.2081817694E+08
    0.6918912731E+07    0.2094302513E+08
    0.6960558974E+07    0.2106852858E+08
    0.7002424195E+07    0.2119469023E+08
    0.7044509380E+07    0.2132151306E+08
    0.7086815519E+07    0.2144900002E+08
    0.7129343603E+07    0.2157715409E+08
    0.7172094630E+07    0.2170597828E+08
    0.7215069601E+07    0.2183547557E+08
    0.7258269518E+07    0.2196564900E+08
    0.7301695391E+07    0.2209650157E+08
    0.7345348231E+07    0.2222803634E+08
    0.7389229052E+07    0.2236025633E+08
    0.7433338875E+07    0.2249316463E+08
    0.7477678723E+07    0.2262676429E+08
    0.7522249621E+07    0.2276105840E+08
    0.7567052601E+07    0.2289605006E+08
    0.7612088697E+07    0.2303174236E+08
    0.7657358948E+07    0.2316813843E+08
    0.7702864395E+07    0.2330524139E+08
    0.7748606084E+07    0.2344305438E+08
    0.7794585065E+07    0.2358158055E+08
    0.7840802393E+07    0.2372082308E+08
    0.7887259124E+07    0.2386078512E+08
    0.7933956320E+07    0.2400146987E+08
    0.7980895046E+07    0.2414288053E+08
    0.8028076373E+07    0.2428502031E+08
    0.8075501372E+07    0.2442789242E+08
    0.8123171122E+07    0.2457150011E+08
    0.8171086704E+07    0.2471584661E+08
    0.8219249202E+07    0.2486093519E+08
    0.8267659707E+07    0.2500676912E+08
    0.8316319311E+07    0.2515335167E+08
    0.8365229111E+07    0.2530068614E+08
    0.8414390209E+07    0.2544877583E+08
    0.8463803709E+07    0.2559762407E+08
    0.8513470722E+07    0.2574723418E+08
    0.8563392361E+07    0.2589760951E+08
    0.8613569742E+07    0.2604875340E+08
    0.8664003988E+07    0.2620066924E+08
    0.8714696224E+07    0.2635336038E+08
    0.8765647580E+07    0.2650683023E+08
    0.8816859189E+07    0.2666108219E+08
    0.8868332191E+07    0.2681611968E+08
    0.8920067725E+07    0.2697194612E+08
    0.8972066940E+07    0.2712856495E+08
    0.9024330985E+07    0.2728597963E+08
    0.9076861016E+07    0.2744419362E+08
    0.9129658190E+07    0.2760321041E+08
    0.9182723670E+07    0.2776303347E+08
    0.9236058625E+07    0.2792366633E+08
    0.9289664225E+07    0.2808511248E+08
    0.9343541646E+07    0.2824737546E+08
    0.9397692069E+07    0.2841045882E+08
    0.9452116676E+07    0.2857436611E+08
    0.9506816657E+07    0.2873910089E+08
    0.9561793205E+07    0.2890466674E+08
    0.9617047516E+07    0.2907106726E+08
    0.9672580792E+07    0.2923830606E+08
    0.9728394238E+07    0.2940638675E+08
    0.9784489065E+07    0.2957531297E+08
    0.9840866487E+07    0.2974508835E+08
    0.9897527723E+07    0.2991571657E+08
    0.9954473995E+07    0.3008720128E+08
    0.1001170653E+08    0.3025954618E+08
    0.1006922656E+08    0.3043275496E+08
    0.1012703533E+08    0.3060683133E+08
    0.1018513407E+08    0.3078177903E+08
    0.1024352403E+08    0.3095760177E+08
    0.1030220645E+08    0.3113430332E+08
    0.1036118260E+08    0.3131188745E+08
    0.1042045373E+08    0.3149035792E+08
    0.1048002110E+08    0.3166971853E+08
    0.1053988598E+08    0.3184997308E+08
    0.1060004965E+08    0.3203112540E+08
    0.1066051338E+08    0.3221317930E+08
    0.1072127845E+08    0.3239613865E+08
    0.1078234614E+08    0.3258000730E+08
    0.1084371776E+08    0.3276478912E+08
    0.1090539458E+08    0.3295048799E+08
    0.1096737792E+08    0.3313710783E+08
    0.1102966907E+08    0.3332465254E+08
    0.1109226935E+08    0.3351312604E+08
    0.1115518006E+08    0.3370253229E+08
    0.1121840253E+08    0.3389287524E+08
    0.1128193808E+08    0.3408415886E+08
    0.1134578803E+08    0.3427638713E+08
    0.1140995372E+08    0.3446956404E+08
    0.1147443649E+08    0.3466369362E+08
    0.1153923767E+08    0.3485877989E+08
    0.1160435861E+08    0.3505482689E+08
    0.1166980067E+08    0.3525183866E+08
    0.1173556519E+08    0.3544981929E+08
    0.1180165354E+08    0.3564877286E+08
    0.1186806708E+08    0.3584870345E+08
    0.1193480719E+08    0.3604961519E+08
    0.1200187523E+08    0.3625151220E+08
    0.1206927260E+08    0.3645439863E+08
    0.1213700066E+08    0.3665827861E+08
    0.1220506082E+08    0.3686315633E+08
    0.1227345446E+08    0.3706903598E+08
    0.1234218298E+08    0.3727592174E+08
    0.1241124779E+08    0.3748381783E+08
    0.1248065030E+08    0.3769272848E+08
    0.1255039192E+08    0.3790265793E+08
    0.1262047407E+08    0.3811361045E+08
    0.1269089817E+08    0.3832559030E+08
    0.1276166566E+08    0.3853860177E+08
    0.1283277795E+08    0.3875264917E+08
    0.1290423650E+08    0.3896773680E+08
    0.1297604275E+08    0.3918386901E+08
    0.1304819814E+08    0.3940105014E+08
    0.1312070412E+08    0.3961928455E+08
    0.1319356217E+08    0.3983857662E+08
    0.1326677373E+08    0.4005893074E+08
    0.1334034028E+08    0.4028035132E+08
    0.1341426330E+08    0.4050284279E+08
    0.1348854426E+08    0.4072640958E+08
    0.1356318464E+08    0.4095105614E+08
    0.1363818593E+08    0.4117678695E+08
    0.1371354963E+08    0.4140360649E+08
    0.1378927724E+08    0.4163151926E+08
    0.1386537026E+08    0.4186052977E+08
    0.1394183021E+08    0.4209064255E+08
    0.1401865859E+08    0.4232186216E+08
    0.1409585692E+08    0.4255419315E+08
    0.1417342674E+08    0.4278764011E+08
    0.1425136956E+08    0.4302220762E+08
    0.1432968694E+08    0.4325790029E+08
    0.1440838040E+08    0.4349472275E+08
    0.1448745150E+08    0.4373267964E+08
    0.1456690179E+08    0.4397177562E+08
    0.1464673282E+08    0.4421201536E+08
    0.1472694615E+08    0.4445340355E+08
    0.1480754336E+08    0.4469594489E+08
    0.1488852601E+08    0.4493964411E+08
    0.1496989569E+08    0.4518450593E+08
    0.1505165397E+08    0.4543053512E+08
    0.1513380245E+08    0.4567773644E+08
    0.1521634273E+08    0.4592611468E+08
    0.1529927639E+08    0.4617567464E+08
    0.1538260505E+08    0.4642642114E+08
    0.1546633031E+08    0.4667835901E+08
    0.1555045380E+08    0.4693149310E+08
    0.1563497714E+08    0.4718582828E+08
    0.1571990194E+08    0.4744136944E+08
    0.1580522986E+08    0.4769812146E+08
    0.1589096251E+08    0.4795608928E+08
    0.1597710155E+08    0.4821527783E+08
    0.1606364863E+08    0.4847569204E+08
    0.1615060540E+08    0.4873733690E+08
    0.1623797352E+08    0.4900021738E+08
    0.1632575465E+08    0.4926433849E+08
    0.1641395048E+08    0.4952970524E+08
    0.1650256267E+08    0.4979632266E+08
    0.1659159291E+08    0.5006419581E+08
