    0.4765515928E-19    0.1758164999E-11
    0.0000000000E+00    0.4747045684E-10
    0.0000000000E+00    0.3797636547E-09
    0.2211199390E-16    0.1758165087E-08
    0.1685086432E-15    0.5933807308E-08
    0.8982044420E-15    0.1628236791E-07
    0.3780388475E-14    0.3859524493E-07
    0.1328397096E-13    0.8202896869E-07
    0.4056407158E-13    0.1602128514E-06
    0.1106148683E-12    0.2925148767E-06
    0.2752379004E-12    0.5054658332E-06
    0.6345105274E-12    0.8343416944E-06
    0.1371437711E-11    0.1324904255E-05
    0.2804904902E-11    0.2035300028E-05
    0.5468573636E-11    0.3038117416E-05
    0.1022500687E-10    0.4422602171E-05
    0.1842568968E-10    0.6297031158E-05
    0.3213271035E-10    0.8791244441E-05
    0.5441693991E-10    0.1205933573E-04
    0.8975567588E-10    0.1628250120E-04
    0.1445521003E-09    0.2167204673E-04
    0.2278064840E-09    0.2847255361E-04
    0.3519716309E-09    0.3696520276E-04
    0.5340319435E-09    0.4747125751E-04
    0.7968493326E-09    0.6035570503E-04
    0.1170828455E-08    0.7603105644E-04
    0.1695956920E-08    0.9496130578E-04
    0.2424285886E-08    0.1176660478E-03
    0.3422926701E-08    0.1447247548E-03
    0.4777640254E-08    0.1767812127E-03
    0.6597117126E-08    0.2145481160E-03
    0.9018041795E-08    0.2588118227E-03
    0.1221106246E-07    0.3104372685E-03
    0.1638778161E-07    0.3703730406E-03
    0.2180890858E-07    0.4396566120E-03
    0.2879372227E-07    0.5194197354E-03
    0.3773100547E-07    0.6108939978E-03
    0.4909163253E-07    0.7154165362E-03
    0.6344299829E-07    0.8344359136E-03
    0.8146550369E-07    0.9695181569E-03
    0.1039713213E-06    0.1122352956E-02
    0.1319256910E-06    0.1294760025E-02
    0.1664710061E-06    0.1488695627E-02
    0.2089539771E-06    0.1706259259E-02
    0.2609561813E-06    0.1949700503E-02
    0.3243283244E-06    0.2221426042E-02
    0.4012285691E-06    0.2524006831E-02
    0.4941652991E-06    0.2860185449E-02
    0.6060447364E-06    0.3232883601E-02
    0.7402238193E-06    0.3645209796E-02
    0.9005688152E-06    0.4100467187E-02
    0.1091520140E-05    0.4602161580E-02
    0.1318163910E-05    0.5154009615E-02
    0.1586310752E-05    0.5759947105E-02
    0.1902582483E-05    0.6424137561E-02
    0.2274507230E-05    0.7150980875E-02
    0.2710623665E-05    0.7945122180E-02
    0.3220595029E-05    0.8811460884E-02
    0.3815333653E-05    0.9755159876E-02
    0.4507136750E-05    0.1078165491E-01
    0.5309834262E-05    0.1189666415E-01
    0.6238949597E-05    0.1310619793E-01
    0.7311874152E-05    0.1441656865E-01
    0.8548056525E-05    0.1583440087E-01
    0.9969207390E-05    0.1736664161E-01
    0.1159952106E-04    0.1902057079E-01
    0.1346591477E-04    0.2080381187E-01
    0.1559828685E-04    0.2272434269E-01
    0.1802979481E-04    0.2479050652E-01
    0.2079715479E-04    0.2701102321E-01
    0.2394096332E-04    0.2939500066E-01
    0.2750604302E-04    0.3195194637E-01
    0.3154181338E-04    0.3469177924E-01
    0.3610268814E-04    0.3762484159E-01
    0.4124850083E-04    0.4076191132E-01
    0.4704495981E-04    0.4411421435E-01
    0.5356413465E-04    0.4769343716E-01
    0.6088497537E-04    0.5151173966E-01
    0.6909386624E-04    0.5558176816E-01
    0.7828521614E-04    0.5991666867E-01
    0.8856208706E-04    0.6453010027E-01
    0.1000368629E-03    0.6943624886E-01
    0.1128319603E-03    0.7464984100E-01
    0.1270805842E-03    0.8018615804E-01
    0.1429275289E-03    0.8606105050E-01
    0.1605300288E-03    0.9229095259E-01
    0.1800586590E-03    0.9889289710E-01
    0.2016982900E-03    0.1058845304E+00
    0.2256490973E-03    0.1132841278E+00
    0.2521276294E-03    0.1211106089E+00
    0.2813679369E-03    0.1293835538E+00
    0.3136227642E-03    0.1381232188E+00
    0.3491648081E-03    0.1473505527E+00
    0.3882880443E-03    0.1570872136E+00
    0.4313091268E-03    0.1673555857E+00
    0.4785688613E-03    0.1781787963E+00
    0.5304337565E-03    0.1895807332E+00
    0.5872976566E-03    0.2015860626E+00
    0.6495834574E-03    0.2142202470E+00
    0.7177449106E-03    0.2275095630E+00
    0.7922685181E-03    0.2414811207E+00
    0.8736755213E-03    0.2561628819E+00
    0.9625239873E-03    0.2715836796E+00
    0.1059410997E-02    0.2877732375E+00
    0.1164974941E-02    0.3047621895E+00
    0.1279897916E-02    0.3225821004E+00
    0.1404908246E-02    0.3412654858E+00
    0.1540783111E-02    0.3608458334E+00
    0.1688351300E-02    0.3813576240E+00
    0.1848496090E-02    0.4028363529E+00
    0.2022158251E-02    0.4253185520E+00
    0.2210339188E-02    0.4488418120E+00
    0.2414104216E-02    0.4734448051E+00
    0.2634585986E-02    0.4991673078E+00
    0.2872988047E-02    0.5260502247E+00
    0.3130588570E-02    0.5541356118E+00
    0.3408744217E-02    0.5834667015E+00
    0.3708894184E-02    0.6140879264E+00
    0.4032564397E-02    0.6460449450E+00
    0.4381371889E-02    0.6793846668E+00
    0.4757029348E-02    0.7141552786E+00
    0.5161349845E-02    0.7504062707E+00
    0.5596251751E-02    0.7881884637E+00
    0.6063763845E-02    0.8275540360E+00
    0.6566030617E-02    0.8685565516E+00
    0.7105317773E-02    0.9112509883E+00
    0.7684017951E-02    0.9556937666E+00
    0.8304656646E-02    0.1001942779E+01
    0.8969898353E-02    0.1050057419E+01
    0.9682552943E-02    0.1100098615E+01
    0.1044558226E-01    0.1152128854E+01
    0.1126210694E-01    0.1206212221E+01
    0.1213541352E-01    0.1262414428E+01
    0.1306896174E-01    0.1320802843E+01
    0.1406639212E-01    0.1381446528E+01
    0.1513153380E-01    0.1444416273E+01
    0.1626841267E-01    0.1509784625E+01
    0.1748125969E-01    0.1577625929E+01
    0.1877451958E-01    0.1648016360E+01
    0.2015285975E-01    0.1721033961E+01
    0.2162117951E-01    0.1796758678E+01
    0.2318461963E-01    0.1875272402E+01
    0.2484857210E-01    0.1956659002E+01
    0.2661869033E-01    0.2041004366E+01
    0.2850089954E-01    0.2128396442E+01
    0.3050140759E-01    0.2218925277E+01
    0.3262671600E-01    0.2312683059E+01
    0.3488363146E-01    0.2409764157E+01
    0.3727927753E-01    0.2510265168E+01
    0.3982110683E-01    0.2614284955E+01
    0.4251691344E-01    0.2721924694E+01
    0.4537484578E-01    0.2833287921E+01
    0.4840341977E-01    0.2948480573E+01
    0.5161153245E-01    0.3067611040E+01
    0.5500847588E-01    0.3190790208E+01
    0.5860395149E-01    0.3318131511E+01
    0.6240808479E-01    0.3449750978E+01
    0.6643144054E-01    0.3585767284E+01
    0.7068503823E-01    0.3726301801E+01
    0.7518036801E-01    0.3871478650E+01
    0.7992940709E-01    0.4021424754E+01
    0.8494463650E-01    0.4176269894E+01
    0.9023905827E-01    0.4336146758E+01
    0.9582621310E-01    0.4501191004E+01
    0.1017201984E+00    0.4671541314E+01
    0.1079356870E+00    0.4847339449E+01
    0.1144879458E+00    0.5028730312E+01
    0.1213928556E+00    0.5215862007E+01
    0.1286669307E+00    0.5408885900E+01
    0.1363273393E+00    0.5607956680E+01
    0.1443919249E+00    0.5813232425E+01
    0.1528792267E+00    0.6024874661E+01
    0.1618085023E+00    0.6243048435E+01
    0.1711997495E+00    0.6467922377E+01
    0.1810737295E+00    0.6699668768E+01
    0.1914519900E+00    0.6938463610E+01
    0.2023568891E+00    0.7184486697E+01
    0.2138116195E+00    0.7437921685E+01
    0.2258402339E+00    0.7698956166E+01
    0.2384676700E+00    0.7967781742E+01
    0.2517197764E+00    0.8244594098E+01
    0.2656233394E+00    0.8529593082E+01
    0.2802061100E+00    0.8822982782E+01
    0.2954968312E+00    0.9124971604E+01
    0.3115252665E+00    0.9435772353E+01
    0.3283222282E+00    0.9755602315E+01
    0.3459196073E+00    0.1008468334E+02
    0.3643504026E+00    0.1042324193E+02
    0.3836487517E+00    0.1077150933E+02
    0.4038499618E+00    0.1112972159E+02
    0.4249905410E+00    0.1149811968E+02
    0.4471082311E+00    0.1187694958E+02
    0.4702420397E+00    0.1226646237E+02
    0.4944322740E+00    0.1266691429E+02
    0.5197205746E+00    0.1307856690E+02
    0.5461499500E+00    0.1350168712E+02
    0.5737648121E+00    0.1393654736E+02
    0.6026110115E+00    0.1438342560E+02
    0.6327358744E+00    0.1484260549E+02
    0.6641882394E+00    0.1531437650E+02
    0.6970184952E+00    0.1579903396E+02
    0.7312786189E+00    0.1629687919E+02
    0.7670222148E+00    0.1680821963E+02
    0.8043045546E+00    0.1733336894E+02
    0.8431826166E+00    0.1787264708E+02
    0.8837151275E+00    0.1842638046E+02
    0.9259626036E+00    0.1899490205E+02
    0.9699873926E+00    0.1957855149E+02
    0.1015853717E+01    0.2017767519E+02
    0.1063627718E+01    0.2079262650E+02
    0.1113377498E+01    0.2142376576E+02
    0.1165173166E+01    0.2207146052E+02
    0.1219086887E+01    0.2273608556E+02
    0.1275192921E+01    0.2341802311E+02
    0.1333567675E+01    0.2411766291E+02
    0.1394289750E+01    0.2483540240E+02
    0.1457439988E+01    0.2557164681E+02
    0.1523101521E+01    0.2632680931E+02
    0.1591359823E+01    0.2710131115E+02
    0.1662302757E+01    0.2789558182E+02
    0.1736020627E+01    0.2871005913E+02
    0.1812606232E+01    0.2954518945E+02
    0.1892154915E+01    0.3040142775E+02
    0.1974764620E+01    0.3127923784E+02
    0.2060535943E+01    0.3217909245E+02
    0.2149572187E+01    0.3310147343E+02
    0.2241979419E+01    0.3404687188E+02
    0.2337866524E+01    0.3501578831E+02
    0.2437345264E+01    0.3600873281E+02
    0.2540530333E+01    0.3702622521E+02
    0.2647539419E+01    0.3806879522E+02
    0.2758493258E+01    0.3913698262E+02
    0.2873515700E+01    0.4023133742E+02
    0.2992733762E+01    0.4135242003E+02
    0.3116277698E+01    0.4250080145E+02
    0.3244281054E+01    0.4367706339E+02
    0.3376880734E+01    0.4488179851E+02
    0.3514217064E+01    0.4611561058E+02
    0.3656433854E+01    0.4737911465E+02
    0.3803678467E+01    0.4867293722E+02
    0.3956101880E+01    0.4999771649E+02
    0.4113858757E+01    0.5135410246E+02
    0.4277107510E+01    0.5274275720E+02
    0.4446010371E+01    0.5416435499E+02
    0.4620733464E+01    0.5561958257E+02
    0.4801446866E+01    0.5710913928E+02
    0.4988324689E+01    0.5863373730E+02
    0.5181545143E+01    0.6019410184E+02
    0.5381290611E+01    0.6179097135E+02
    0.5587747725E+01    0.6342509774E+02
    0.5801107437E+01    0.6509724658E+02
    0.6021565095E+01    0.6680819731E+02
    0.6249320517E+01    0.6855874347E+02
    0.6484578072E+01    0.7034969291E+02
    0.6727546753E+01    0.7218186803E+02
    0.6978440258E+01    0.7405610597E+02
    0.7237477068E+01    0.7597325888E+02
    0.7504880528E+01    0.7793419414E+02
    0.7780878926E+01    0.7993979457E+02
    0.8065705578E+01    0.8199095867E+02
    0.8359598910E+01    0.8408860092E+02
    0.8662802538E+01    0.8623365192E+02
    0.8975565357E+01    0.8842705873E+02
    0.9298141625E+01    0.9066978506E+02
    0.9630791049E+01    0.9296281155E+02
    0.9973778873E+01    0.9530713599E+02
    0.1032737596E+02    0.9770377362E+02
    0.1069185891E+02    0.1001537574E+03
    0.1106751008E+02    0.1026581381E+03
    0.1145461778E+02    0.1052179850E+03
    0.1185347627E+02    0.1078343855E+03
    0.1226438589E+02    0.1105084461E+03
    0.1268765317E+02    0.1132412921E+03
    0.1312359090E+02    0.1160340682E+03
    0.1357251824E+02    0.1188879387E+03
    0.1403476081E+02    0.1218040877E+03
    0.1451065079E+02    0.1247837197E+03
    0.1500052702E+02    0.1278280593E+03
    0.1550473509E+02    0.1309383522E+03
    0.1602362746E+02    0.1341158649E+03
    0.1655756355E+02    0.1373618854E+03
    0.1710690985E+02    0.1406777233E+03
    0.1767204000E+02    0.1440647101E+03
    0.1825333493E+02    0.1475241996E+03
    0.1885118294E+02    0.1510575683E+03
    0.1946597984E+02    0.1546662155E+03
    0.2009812901E+02    0.1583515637E+03
    0.2074804154E+02    0.1621150590E+03
    0.2141613635E+02    0.1659581714E+03
    0.2210284027E+02    0.1698823950E+03
    0.2280858818E+02    0.1738892485E+03
    0.2353382311E+02    0.1779802756E+03
    0.2427899637E+02    0.1821570449E+03
    0.2504456763E+02    0.1864211509E+03
    0.2583100508E+02    0.1907742139E+03
    0.2663878553E+02    0.1952178804E+03
    0.2746839453E+02    0.1997538236E+03
    0.2832032649E+02    0.2043837435E+03
    0.2919508479E+02    0.2091093677E+03
    0.3009318194E+02    0.2139324514E+03
    0.3101513966E+02    0.2188547779E+03
    0.3196148903E+02    0.2238781588E+03
    0.3293277061E+02    0.2290044348E+03
    0.3392953459E+02    0.2342354756E+03
    0.3495234087E+02    0.2395731806E+03
    0.3600175924E+02    0.2450194792E+03
    0.3707836947E+02    0.2505763311E+03
    0.3818276150E+02    0.2562457268E+03
    0.3931553550E+02    0.2620296881E+03
    0.4047730206E+02    0.2679302683E+03
    0.4166868232E+02    0.2739495527E+03
    0.4289030808E+02    0.2800896589E+03
    0.4414282197E+02    0.2863527375E+03
    0.4542687756E+02    0.2927409723E+03
    0.4674313956E+02    0.2992565807E+03
    0.4809228388E+02    0.3059018144E+03
    0.4947499783E+02    0.3126789592E+03
    0.5089198027E+02    0.3195903365E+03
    0.5234394173E+02    0.3266383025E+03
    0.5383160457E+02    0.3338252497E+03
    0.5535570312E+02    0.3411536067E+03
    0.5691698385E+02    0.3486258389E+03
    0.5851620554E+02    0.3562444489E+03
    0.6015413935E+02    0.3640119771E+03
    0.6183156909E+02    0.3719310020E+03
    0.6354929129E+02    0.3800041406E+03
    0.6530811541E+02    0.3882340491E+03
    0.6710886394E+02    0.3966234234E+03
    0.6895237266E+02    0.4051749993E+03
    0.7083949069E+02    0.4138915531E+03
    0.7277108074E+02    0.4227759025E+03
    0.7474801923E+02    0.4318309063E+03
    0.7677119647E+02    0.4410594656E+03
    0.7884151685E+02    0.4504645240E+03
    0.8095989897E+02    0.4600490683E+03
    0.8312727583E+02    0.4698161287E+03
    0.8534459502E+02    0.4797687796E+03
    0.8761281888E+02    0.4899101399E+03
    0.8993292465E+02    0.5002433740E+03
    0.9230590472E+02    0.5107716916E+03
    0.9473276673E+02    0.5214983490E+03
    0.9721453379E+02    0.5324266489E+03
    0.9975224467E+02    0.5435599417E+03
    0.1023469540E+03    0.5549016254E+03
    0.1049997323E+03    0.5664551468E+03
    0.1077116665E+03    0.5782240012E+03
    0.1104838597E+03    0.5902117341E+03
    0.1133174319E+03    0.6024219406E+03
    0.1162135195E+03    0.6148582668E+03
    0.1191732761E+03    0.6275244102E+03
    0.1221978725E+03    0.6404241201E+03
    0.1252884967E+03    0.6535611982E+03
    0.1284463544E+03    0.6669394995E+03
    0.1316726691E+03    0.6805629326E+03
    0.1349686820E+03    0.6944354604E+03
    0.1383356529E+03    0.7085611007E+03
    0.1417748596E+03    0.7229439272E+03
    0.1452875986E+03    0.7375880692E+03
    0.1488751854E+03    0.7524977133E+03
    0.1525389543E+03    0.7676771032E+03
    0.1562802587E+03    0.7831305410E+03
    0.1601004718E+03    0.7988623873E+03
    0.1640009862E+03    0.8148770621E+03
    0.1679832144E+03    0.8311790456E+03
    0.1720485890E+03    0.8477728786E+03
    0.1761985629E+03    0.8646631632E+03
    0.1804346097E+03    0.8818545637E+03
    0.1847582236E+03    0.8993518070E+03
    0.1891709198E+03    0.9171596835E+03
    0.1936742347E+03    0.9352830477E+03
    0.1982697262E+03    0.9537268188E+03
    0.2029589741E+03    0.9724959816E+03
    0.2077435796E+03    0.9915955870E+03
    0.2126251666E+03    0.1011030753E+04
    0.2176053811E+03    0.1030806665E+04
    0.2226858918E+03    0.1050928577E+04
    0.2278683903E+03    0.1071401813E+04
    0.2331545912E+03    0.1092231764E+04
    0.2385462328E+03    0.1113423894E+04
    0.2440450767E+03    0.1134983738E+04
    0.2496529084E+03    0.1156916903E+04
    0.2553715377E+03    0.1179229069E+04
    0.2612027987E+03    0.1201925988E+04
    0.2671485501E+03    0.1225013489E+04
    0.2732106756E+03    0.1248497474E+04
    0.2793910838E+03    0.1272383921E+04
    0.2856917090E+03    0.1296678887E+04
    0.2921145111E+03    0.1321388504E+04
    0.2986614760E+03    0.1346518984E+04
    0.3053346156E+03    0.1372076617E+04
    0.3121359685E+03    0.1398067774E+04
    0.3190676001E+03    0.1424498905E+04
    0.3261316026E+03    0.1451376543E+04
    0.3333300958E+03    0.1478707305E+04
    0.3406652269E+03    0.1506497887E+04
    0.3481391711E+03    0.1534755073E+04
    0.3557541317E+03    0.1563485731E+04
    0.3635123405E+03    0.1592696814E+04
    0.3714160579E+03    0.1622395362E+04
    0.3794675735E+03    0.1652588502E+04
    0.3876692061E+03    0.1683283452E+04
    0.3960233042E+03    0.1714487517E+04
    0.4045322462E+03    0.1746208091E+04
    0.4131984407E+03    0.1778452664E+04
    0.4220243268E+03    0.1811228812E+04
    0.4310123744E+03    0.1844544209E+04
    0.4401650846E+03    0.1878406620E+04
    0.4494849899E+03    0.1912823906E+04
    0.4589746544E+03    0.1947804023E+04
    0.4686366745E+03    0.1983355025E+04
    0.4784736788E+03    0.2019485061E+04
    0.4884883287E+03    0.2056202382E+04
    0.4986833186E+03    0.2093515336E+04
    0.5090613761E+03    0.2131432372E+04
    0.5196252625E+03    0.2169962042E+04
    0.5303777733E+03    0.2209112998E+04
    0.5413217380E+03    0.2248893997E+04
    0.5524600209E+03    0.2289313902E+04
    0.5637955214E+03    0.2330381677E+04
    0.5753311739E+03    0.2372106397E+04
    0.5870699488E+03    0.2414497243E+04
    0.5990148522E+03    0.2457563502E+04
    0.6111689268E+03    0.2501314575E+04
    0.6235352518E+03    0.2545759971E+04
    0.6361169436E+03    0.2590909310E+04
    0.6489171557E+03    0.2636772326E+04
    0.6619390797E+03    0.2683358867E+04
    0.6751859450E+03    0.2730678895E+04
    0.6886610197E+03    0.2778742488E+04
    0.7023676106E+03    0.2827559841E+04
    0.7163090636E+03    0.2877141268E+04
    0.7304887643E+03    0.2927497202E+04
    0.7449101381E+03    0.2978638194E+04
    0.7595766508E+03    0.3030574919E+04
    0.7744918088E+03    0.3083318175E+04
    0.7896591596E+03    0.3136878881E+04
    0.8050822919E+03    0.3191268082E+04
    0.8207648366E+03    0.3246496950E+04
    0.8367104664E+03    0.3302576784E+04
    0.8529228967E+03    0.3359519009E+04
    0.8694058861E+03    0.3417335182E+04
    0.8861632362E+03    0.3476036989E+04
    0.9031987926E+03    0.3535636250E+04
    0.9205164450E+03    0.3596144915E+04
    0.9381201274E+03    0.3657575070E+04
    0.9560138193E+03    0.3719938937E+04
    0.9742015449E+03    0.3783248873E+04
    0.9926873748E+03    0.3847517374E+04
    0.1011475425E+04    0.3912757075E+04
    0.1030569860E+04    0.3978980750E+04
    0.1049974888E+04    0.4046201318E+04
    0.1069694768E+04    0.4114431837E+04
    0.1089733804E+04    0.4183685512E+04
    0.1110096351E+04    0.4253975691E+04
    0.1130786811E+04    0.4325315871E+04
    0.1151809636E+04    0.4397719696E+04
    0.1173169326E+04    0.4471200958E+04
    0.1194870433E+04    0.4545773602E+04
    0.1216917558E+04    0.4621451724E+04
    0.1239315354E+04    0.4698249573E+04
    0.1262068525E+04    0.4776181553E+04
    0.1285181826E+04    0.4855262223E+04
    0.1308660066E+04    0.4935506301E+04
    0.1332508105E+04    0.5016928661E+04
    0.1356730856E+04    0.5099544341E+04
    0.1381333287E+04    0.5183368538E+04
    0.1406320420E+04    0.5268416611E+04
    0.1431697331E+04    0.5354704084E+04
    0.1457469150E+04    0.5442246649E+04
    0.1483641064E+04    0.5531060162E+04
    0.1510218316E+04    0.5621160648E+04
    0.1537206205E+04    0.5712564303E+04
    0.1564610086E+04    0.5805287494E+04
    0.1592435373E+04    0.5899346761E+04
    0.1620687538E+04    0.5994758817E+04
    0.1649372108E+04    0.6091540553E+04
    0.1678494675E+04    0.6189709036E+04
    0.1708060884E+04    0.6289281511E+04
    0.1738076444E+04    0.6390275405E+04
    0.1768547123E+04    0.6492708325E+04
    0.1799478750E+04    0.6596598062E+04
    0.1830877216E+04    0.6701962594E+04
    0.1862748472E+04    0.6808820081E+04
    0.1895098535E+04    0.6917188874E+04
    0.1927933481E+04    0.7027087513E+04
    0.1961259452E+04    0.7138534729E+04
    0.1995082654E+04    0.7251549445E+04
    0.2029409355E+04    0.7366150779E+04
    0.2064245892E+04    0.7482358044E+04
    0.2099598664E+04    0.7600190752E+04
    0.2135474138E+04    0.7719668611E+04
    0.2171878848E+04    0.7840811533E+04
    0.2208819394E+04    0.7963639630E+04
    0.2246302445E+04    0.8088173220E+04
    0.2284334736E+04    0.8214432824E+04
    0.2322923075E+04    0.8342439174E+04
    0.2362074335E+04    0.8472213206E+04
    0.2401795463E+04    0.8603776071E+04
    0.2442093473E+04    0.8737149131E+04
    0.2482975453E+04    0.8872353961E+04
    0.2524448561E+04    0.9009412353E+04
    0.2566520027E+04    0.9148346316E+04
    0.2609197157E+04    0.9289178079E+04
    0.2652487326E+04    0.9431930090E+04
    0.2696397986E+04    0.9576625022E+04
    0.2740936664E+04    0.9723285772E+04
    0.2786110960E+04    0.9871935462E+04
    0.2831928550E+04    0.1002259744E+05
    0.2878397190E+04    0.1017529530E+05
    0.2925524708E+04    0.1033005284E+05
    0.2973319014E+04    0.1048689412E+05
    0.3021788093E+04    0.1064584340E+05
    0.3070940012E+04    0.1080692522E+05
    0.3120782913E+04    0.1097016434E+05
    0.3171325024E+04    0.1113558574E+05
    0.3222574648E+04    0.1130321467E+05
    0.3274540174E+04    0.1147307663E+05
    0.3327230070E+04    0.1164519734E+05
    0.3380652888E+04    0.1181960278E+05
    0.3434817263E+04    0.1199631919E+05
    0.3489731913E+04    0.1217537305E+05
    0.3545405643E+04    0.1235679110E+05
    0.3601847341E+04    0.1254060034E+05
    0.3659065982E+04    0.1272682802E+05
    0.3717070626E+04    0.1291550165E+05
    0.3775870423E+04    0.1310664902E+05
    0.3835474609E+04    0.1330029816E+05
    0.3895892508E+04    0.1349647738E+05
    0.3957133534E+04    0.1369521525E+05
    0.4019207192E+04    0.1389654063E+05
    0.4082123077E+04    0.1410048262E+05
    0.4145890873E+04    0.1430707062E+05
    0.4210520360E+04    0.1451633431E+05
    0.4276021406E+04    0.1472830362E+05
    0.4342403977E+04    0.1494300879E+05
    0.4409678131E+04    0.1516048033E+05
    0.4477854020E+04    0.1538074903E+05
    0.4546941892E+04    0.1560384598E+05
    0.4616952091E+04    0.1582980255E+05
    0.4687895060E+04    0.1605865040E+05
    0.4759781337E+04    0.1629042150E+05
    0.4832621559E+04    0.1652514809E+05
    0.4906426464E+04    0.1676286273E+05
    0.4981206887E+04    0.1700359826E+05
    0.5056973765E+04    0.1724738785E+05
    0.5133738136E+04    0.1749426495E+05
    0.5211511141E+04    0.1774426332E+05
    0.5290304023E+04    0.1799741704E+05
    0.5370128128E+04    0.1825376049E+05
    0.5450994907E+04    0.1851332838E+05
    0.5532915917E+04    0.1877615572E+05
    0.5615902820E+04    0.1904227784E+05
    0.5699967383E+04    0.1931173039E+05
    0.5785121484E+04    0.1958454936E+05
    0.5871377105E+04    0.1986077103E+05
    0.5958746341E+04    0.2014043206E+05
    0.6047241395E+04    0.2042356938E+05
    0.6136874579E+04    0.2071022030E+05
    0.6227658318E+04    0.2100042244E+05
    0.6319605150E+04    0.2129421376E+05
    0.6412727725E+04    0.2159163257E+05
    0.6507038805E+04    0.2189271751E+05
    0.6602551271E+04    0.2219750757E+05
    0.6699278114E+04    0.2250604209E+05
    0.6797232446E+04    0.2281836075E+05
    0.6896427493E+04    0.2313450359E+05
    0.6996876600E+04    0.2345451099E+05
    0.7098593231E+04    0.2377842372E+05
    0.7201590968E+04    0.2410628287E+05
    0.7305883517E+04    0.2443812992E+05
    0.7411484700E+04    0.2477400670E+05
    0.7518408466E+04    0.2511395541E+05
    0.7626668885E+04    0.2545801862E+05
    0.7736280150E+04    0.2580623928E+05
    0.7847256579E+04    0.2615866069E+05
    0.7959612617E+04    0.2651532657E+05
    0.8073362835E+04    0.2687628097E+05
    0.8188521930E+04    0.2724156836E+05
    0.8305104729E+04    0.2761123358E+05
    0.8423126186E+04    0.2798532186E+05
    0.8542601388E+04    0.2836387883E+05
    0.8663545550E+04    0.2874695049E+05
    0.8785974020E+04    0.2913458326E+05
    0.8909902278E+04    0.2952682395E+05
    0.9035345941E+04    0.2992371977E+05
    0.9162320756E+04    0.3032531834E+05
    0.9290842607E+04    0.3073166767E+05
    0.9420927516E+04    0.3114281620E+05
    0.9552591642E+04    0.3155881278E+05
    0.9685851279E+04    0.3197970667E+05
    0.9820722865E+04    0.3240554754E+05
    0.9957222975E+04    0.3283638549E+05
    0.1009536833E+05    0.3327227106E+05
    0.1023517578E+05    0.3371325519E+05
    0.1037666233E+05    0.3415938926E+05
    0.1051984513E+05    0.3461072509E+05
    0.1066474148E+05    0.3506731492E+05
    0.1081136880E+05    0.3552921144E+05
    0.1095974468E+05    0.3599646779E+05
    0.1110988685E+05    0.3646913754E+05
    0.1126181320E+05    0.3694727470E+05
    0.1141554175E+05    0.3743093375E+05
    0.1157109069E+05    0.3792016961E+05
    0.1172847836E+05    0.3841503767E+05
    0.1188772323E+05    0.3891559377E+05
    0.1204884394E+05    0.3942189420E+05
    0.1221185931E+05    0.3993399575E+05
    0.1237678826E+05    0.4045195564E+05
    0.1254364992E+05    0.4097583159E+05
    0.1271246356E+05    0.4150568178E+05
    0.1288324859E+05    0.4204156487E+05
    0.1305602460E+05    0.4258354001E+05
    0.1323081135E+05    0.4313166682E+05
    0.1340762873E+05    0.4368600542E+05
    0.1358649683E+05    0.4424661642E+05
    0.1376743588E+05    0.4481356091E+05
    0.1395046628E+05    0.4538690049E+05
    0.1413560861E+05    0.4596669727E+05
    0.1432288360E+05    0.4655301383E+05
    0.1451231215E+05    0.4714591329E+05
    0.1470391535E+05    0.4774545927E+05
    0.1489771443E+05    0.4835171590E+05
    0.1509373082E+05    0.4896474782E+05
    0.1529198611E+05    0.4958462021E+05
    0.1549250206E+05    0.5021139875E+05
    0.1569530062E+05    0.5084514967E+05
    0.1590040391E+05    0.5148593970E+05
    0.1610783421E+05    0.5213383615E+05
    0.1631761401E+05    0.5278890681E+05
    0.1652976596E+05    0.5345122006E+05
    0.1674431289E+05    0.5412084480E+05
    0.1696127782E+05    0.5479785047E+05
    0.1718068396E+05    0.5548230708E+05
    0.1740255469E+05    0.5617428519E+05
    0.1762691357E+05    0.5687385590E+05
    0.1785378438E+05    0.5758109090E+05
    0.1808319104E+05    0.5829606242E+05
    0.1831515771E+05    0.5901884327E+05
    0.1854970870E+05    0.5974950683E+05
    0.1878686854E+05    0.6048812707E+05
    0.1902666193E+05    0.6123477850E+05
    0.1926911378E+05    0.6198953626E+05
    0.1951424919E+05    0.6275247604E+05
    0.1976209345E+05    0.6352367414E+05
    0.2001267207E+05    0.6430320745E+05
    0.2026601072E+05    0.6509115345E+05
    0.2052213531E+05    0.6588759024E+05
    0.2078107193E+05    0.6669259650E+05
    0.2104284688E+05    0.6750625154E+05
    0.2130748666E+05    0.6832863527E+05
    0.2157501798E+05    0.6915982822E+05
    0.2184546774E+05    0.6999991154E+05
    0.2211886308E+05    0.7084896700E+05
    0.2239523132E+05    0.7170707700E+05
    0.2267459999E+05    0.7257432459E+05
    0.2295699686E+05    0.7345079342E+05
    0.2324244989E+05    0.7433656781E+05
    0.2353098725E+05    0.7523173270E+05
    0.2382263735E+05    0.7613637370E+05
    0.2411742879E+05    0.7705057706E+05
    0.2441539040E+05    0.7797442968E+05
    0.2471655123E+05    0.7890801912E+05
    0.2502094055E+05    0.7985143362E+05
    0.2532858786E+05    0.8080476206E+05
    0.2563952286E+05    0.8176809401E+05
    0.2595377551E+05    0.8274151972E+05
    0.2627137596E+05    0.8372513010E+05
    0.2659235461E+05    0.8471901676E+05
    0.2691674208E+05    0.8572327198E+05
    0.2724456923E+05    0.8673798875E+05
    0.2757586714E+05    0.8776326075E+05
    0.2791066714E+05    0.8879918236E+05
    0.2824900076E+05    0.8984584865E+05
    0.2859089981E+05    0.9090335542E+05
    0.2893639631E+05    0.9197179917E+05
    0.2928552252E+05    0.9305127713E+05
    0.2963831094E+05    0.9414188722E+05
    0.2999479433E+05    0.9524372813E+05
    0.3035500568E+05    0.9635689923E+05
    0.3071897821E+05    0.9748150067E+05
    0.3108674540E+05    0.9861763331E+05
    0.3145834099E+05    0.9976539876E+05
    0.3183379895E+05    0.1009248994E+06
    0.3221315350E+05    0.1020962383E+06
    0.3259643913E+05    0.1032795193E+06
    0.3298369056E+05    0.1044748471E+06
    0.3337494277E+05    0.1056823271E+06
    0.3377023102E+05    0.1069020654E+06
    0.3416959080E+05    0.1081341689E+06
    0.3457305787E+05    0.1093787454E+06
    0.3498066824E+05    0.1106359033E+06
    0.3539245821E+05    0.1119057519E+06
    0.3580846431E+05    0.1131884014E+06
    0.3622872335E+05    0.1144839625E+06
    0.3665327241E+05    0.1157925470E+06
    0.3708214884E+05    0.1171142673E+06
    0.3751539026E+05    0.1184492366E+06
    0.3795303454E+05    0.1197975692E+06
    0.3839511985E+05    0.1211593799E+06
    0.3884168462E+05    0.1225347845E+06
    0.3929276757E+05    0.1239238994E+06
    0.3974840768E+05    0.1253268423E+06
    0.4020864422E+05    0.1267437312E+06
    0.4067351673E+05    0.1281746852E+06
    0.4114306505E+05    0.1296198244E+06
    0.4161732929E+05    0.1310792695E+06
    0.4209634986E+05    0.1325531422E+06
    0.4258016744E+05    0.1340415649E+06
    0.4306882301E+05    0.1355446610E+06
    0.4356235783E+05    0.1370625548E+06
    0.4406081347E+05    0.1385953714E+06
    0.4456423177E+05    0.1401432369E+06
    0.4507265490E+05    0.1417062780E+06
    0.4558612529E+05    0.1432846227E+06
    0.4610468569E+05    0.1448783996E+06
    0.4662837915E+05    0.1464877382E+06
    0.4715724901E+05    0.1481127692E+06
    0.4769133893E+05    0.1497536238E+06
    0.4823069287E+05    0.1514104344E+06
    0.4877535509E+05    0.1530833344E+06
    0.4932537017E+05    0.1547724577E+06
    0.4988078298E+05    0.1564779396E+06
    0.5044163874E+05    0.1581999162E+06
    0.5100798294E+05    0.1599385243E+06
    0.5157986143E+05    0.1616939020E+06
    0.5215732034E+05    0.1634661881E+06
    0.5274040614E+05    0.1652555225E+06
    0.5332916562E+05    0.1670620460E+06
    0.5392364589E+05    0.1688859005E+06
    0.5452389438E+05    0.1707272286E+06
    0.5512995886E+05    0.1725861741E+06
    0.5574188741E+05    0.1744628817E+06
    0.5635972846E+05    0.1763574972E+06
    0.5698353075E+05    0.1782701673E+06
    0.5761334338E+05    0.1802010397E+06
    0.5824921576E+05    0.1821502632E+06
    0.5889119766E+05    0.1841179874E+06
    0.5953933917E+05    0.1861043632E+06
    0.6019369073E+05    0.1881095423E+06
    0.6085430313E+05    0.1901336775E+06
    0.6152122750E+05    0.1921769228E+06
    0.6219451530E+05    0.1942394329E+06
    0.6287421837E+05    0.1963213638E+06
    0.6356038887E+05    0.1984228726E+06
    0.6425307934E+05    0.2005441172E+06
    0.6495234265E+05    0.2026852569E+06
    0.6565823205E+05    0.2048464516E+06
    0.6637080112E+05    0.2070278628E+06
    0.6709010383E+05    0.2092296528E+06
    0.6781619448E+05    0.2114519850E+06
    0.6854912777E+05    0.2136950238E+06
    0.6928895874E+05    0.2159589350E+06
    0.7003574281E+05    0.2182438852E+06
    0.7078953575E+05    0.2205500423E+06
    0.7155039373E+05    0.2228775752E+06
    0.7231837329E+05    0.2252266540E+06
    0.7309353131E+05    0.2275974499E+06
    0.7387592510E+05    0.2299901352E+06
    0.7466561231E+05    0.2324048834E+06
    0.7546265099E+05    0.2348418691E+06
    0.7626709958E+05    0.2373012681E+06
    0.7707901688E+05    0.2397832573E+06
    0.7789846210E+05    0.2422880147E+06
    0.7872549483E+05    0.2448157198E+06
    0.7956017506E+05    0.2473665528E+06
    0.8040256317E+05    0.2499406955E+06
    0.8125271993E+05    0.2525383306E+06
    0.8211070652E+05    0.2551596421E+06
    0.8297658451E+05    0.2578048153E+06
    0.8385041589E+05    0.2604740365E+06
    0.8473226301E+05    0.2631674934E+06
    0.8562218869E+05    0.2658853749E+06
    0.8652025611E+05    0.2686278710E+06
    0.8742652888E+05    0.2713951729E+06
    0.8834107101E+05    0.2741874734E+06
    0.8926394695E+05    0.2770049661E+06
    0.9019522155E+05    0.2798478461E+06
    0.9113496007E+05    0.2827163098E+06
    0.9208322822E+05    0.2856105546E+06
    0.9304009209E+05    0.2885307794E+06
    0.9400561825E+05    0.2914771844E+06
    0.9497987366E+05    0.2944499709E+06
    0.9596292572E+05    0.2974493417E+06
    0.9695484226E+05    0.3004755007E+06
    0.9795569155E+05    0.3035286532E+06
    0.9896554230E+05    0.3066090059E+06
    0.9998446364E+05    0.3097167667E+06
    0.1010125252E+06    0.3128521448E+06
    0.1020497969E+06    0.3160153508E+06
    0.1030963494E+06    0.3192065966E+06
    0.1041522534E+06    0.3224260956E+06
    0.1052175804E+06    0.3256740622E+06
    0.1062924023E+06    0.3289507126E+06
    0.1073767912E+06    0.3322562640E+06
    0.1084708200E+06    0.3355909352E+06
    0.1095745618E+06    0.3389549462E+06
    0.1106880903E+06    0.3423485186E+06
    0.1118114796E+06    0.3457718752E+06
    0.1129448043E+06    0.3492252404E+06
    0.1140881395E+06    0.3527088396E+06
    0.1152415607E+06    0.3562229002E+06
    0.1164051439E+06    0.3597676506E+06
    0.1175789655E+06    0.3633433207E+06
    0.1187631026E+06    0.3669501420E+06
    0.1199576326E+06    0.3705883472E+06
    0.1211626334E+06    0.3742581707E+06
    0.1223781834E+06    0.3779598482E+06
    0.1236043615E+06    0.3816936168E+06
    0.1248412472E+06    0.3854597153E+06
    0.1260889202E+06    0.3892583838E+06
    0.1273474609E+06    0.3930898639E+06
    0.1286169503E+06    0.3969543989E+06
    0.1298974697E+06    0.4008522332E+06
    0.1311891010E+06    0.4047836131E+06
    0.1324919265E+06    0.4087487862E+06
    0.1338060292E+06    0.4127480018E+06
    0.1351314924E+06    0.4167815104E+06
    0.1364684001E+06    0.4208495644E+06
    0.1378168367E+06    0.4249524176E+06
    0.1391768872E+06    0.4290903253E+06
    0.1405486369E+06    0.4332635444E+06
    0.1419321719E+06    0.4374723335E+06
    0.1433275787E+06    0.4417169525E+06
    0.1447349444E+06    0.4459976632E+06
    0.1461543565E+06    0.4503147287E+06
    0.1475859031E+06    0.4546684139E+06
    0.1490296729E+06    0.4590589853E+06
    0.1504857550E+06    0.4634867109E+06
    0.1519542392E+06    0.4679518603E+06
    0.1534352157E+06    0.4724547050E+06
    0.1549287754E+06    0.4769955178E+06
    0.1564350095E+06    0.4815745734E+06
    0.1579540101E+06    0.4861921480E+06
    0.1594858695E+06    0.4908485196E+06
    0.1610306809E+06    0.4955439677E+06
    0.1625885377E+06    0.5002787735E+06
    0.1641595341E+06    0.5050532202E+06
    0.1657437648E+06    0.5098675922E+06
    0.1673413252E+06    0.5147221760E+06
    0.1689523110E+06    0.5196172596E+06
    0.1705768186E+06    0.5245531328E+06
    0.1722149451E+06    0.5295300871E+06
    0.1738667880E+06    0.5345484158E+06
    0.1755324455E+06    0.5396084139E+06
    0.1772120164E+06    0.5447103780E+06
    0.1789055998E+06    0.5498546068E+06
    0.1806132959E+06    0.5550414005E+06
    0.1823352050E+06    0.5602710611E+06
    0.1840714282E+06    0.5655438925E+06
    0.1858220673E+06    0.5708602003E+06
    0.1875872246E+06    0.5762202920E+06
    0.1893670030E+06    0.5816244768E+06
    0.1911615059E+06    0.5870730657E+06
    0.1929708375E+06    0.5925663717E+06
    0.1947951025E+06    0.5981047095E+06
    0.1966344064E+06    0.6036883957E+06
    0.1984888549E+06    0.6093177487E+06
    0.2003585548E+06    0.6149930889E+06
    0.2022436132E+06    0.6207147383E+06
    0.2041441380E+06    0.6264830210E+06
    0.2060602376E+06    0.6322982630E+06
    0.2079920212E+06    0.6381607921E+06
    0.2099395984E+06    0.6440709381E+06
    0.2119030797E+06    0.6500290325E+06
    0.2138825760E+06    0.6560354091E+06
    0.2158781990E+06    0.6620904033E+06
    0.2178900610E+06    0.6681943525E+06
    0.2199182750E+06    0.6743475963E+06
    0.2219629545E+06    0.6805504759E+06
    0.2240242139E+06    0.6868033347E+06
    0.2261021681E+06    0.6931065180E+06
    0.2281969326E+06    0.6994603732E+06
    0.2303086237E+06    0.7058652495E+06
    0.2324373583E+06    0.7123214982E+06
    0.2345832540E+06    0.7188294728E+06
    0.2367464291E+06    0.7253895285E+06
    0.2389270026E+06    0.7320020227E+06
    0.2411250940E+06    0.7386673148E+06
    0.2433408236E+06    0.7453857664E+06
    0.2455743125E+06    0.7521577410E+06
    0.2478256823E+06    0.7589836041E+06
    0.2500950555E+06    0.7658637236E+06
    0.2523825551E+06    0.7727984691E+06
    0.2546883048E+06    0.7797882126E+06
    0.2570124292E+06    0.7868333281E+06
    0.2593550534E+06    0.7939341916E+06
    0.2617163034E+06    0.8010911815E+06
    0.2640963057E+06    0.8083046780E+06
    0.2664951877E+06    0.8155750639E+06
    0.2689130774E+06    0.8229027236E+06
    0.2713501035E+06    0.8302880441E+06
    0.2738063956E+06    0.8377314144E+06
    0.2762820839E+06    0.8452332257E+06
    0.2787772993E+06    0.8527938715E+06
    0.2812921735E+06    0.8604137473E+06
    0.2838268390E+06    0.8680932511E+06
    0.2863814288E+06    0.8758327828E+06
    0.2889560770E+06    0.8836327447E+06
    0.2915509182E+06    0.8914935415E+06
    0.2941660877E+06    0.8994155799E+06
    0.2968017218E+06    0.9073992689E+06
    0.2994579573E+06    0.9154450200E+06
    0.3021349321E+06    0.9235532468E+06
    0.3048327844E+06    0.9317243651E+06
    0.3075516536E+06    0.9399587932E+06
    0.3102916796E+06    0.9482569517E+06
    0.3130530032E+06    0.9566192635E+06
    0.3158357659E+06    0.9650461537E+06
    0.3186401101E+06    0.9735380500E+06
    0.3214661790E+06    0.9820953822E+06
    0.3243141163E+06    0.9907185827E+06
    0.3271840668E+06    0.9994080861E+06
    0.3300761760E+06    0.1008164329E+07
    0.3329905902E+06    0.1016987752E+07
    0.3359274565E+06    0.1025878796E+07
    0.3388869228E+06    0.1034837906E+07
    0.3418691378E+06    0.1043865528E+07
    0.3448742510E+06    0.1052962112E+07
    0.3479024128E+06    0.1062128108E+07
    0.3509537743E+06    0.1071363972E+07
    0.3540284876E+06    0.1080670160E+07
    0.3571267055E+06    0.1090047130E+07
    0.3602485816E+06    0.1099495345E+07
    0.3633942704E+06    0.1109015269E+07
    0.3665639272E+06    0.1118607367E+07
    0.3697577082E+06    0.1128272109E+07
    0.3729757704E+06    0.1138009967E+07
    0.3762182717E+06    0.1147821415E+07
    0.3794853709E+06    0.1157706929E+07
    0.3827772274E+06    0.1167666990E+07
    0.3860940017E+06    0.1177702078E+07
    0.3894358552E+06    0.1187812679E+07
    0.3928029499E+06    0.1197999279E+07
    0.3961954490E+06    0.1208262368E+07
    0.3996135164E+06    0.1218602439E+07
    0.4030573168E+06    0.1229019986E+07
    0.4065270160E+06    0.1239515508E+07
    0.4100227805E+06    0.1250089504E+07
    0.4135447778E+06    0.1260742477E+07
    0.4170931762E+06    0.1271474934E+07
    0.4206681451E+06    0.1282287382E+07
    0.4242698545E+06    0.1293180332E+07
    0.4278984755E+06    0.1304154299E+07
    0.4315541801E+06    0.1315209799E+07
    0.4352371412E+06    0.1326347351E+07
    0.4389475325E+06    0.1337567477E+07
    0.4426855290E+06    0.1348870703E+07
    0.4464513061E+06    0.1360257554E+07
    0.4502450404E+06    0.1371728563E+07
    0.4540669096E+06    0.1383284262E+07
    0.4579170920E+06    0.1394925186E+07
    0.4617957670E+06    0.1406651876E+07
    0.4657031151E+06    0.1418464872E+07
    0.4696393174E+06    0.1430364718E+07
    0.4736045563E+06    0.1442351964E+07
    0.4775990149E+06    0.1454427157E+07
    0.4816228774E+06    0.1466590852E+07
    0.4856763289E+06    0.1478843605E+07
    0.4897595556E+06    0.1491185975E+07
    0.4938727445E+06    0.1503618522E+07
    0.4980160836E+06    0.1516141813E+07
    0.5021897621E+06    0.1528756415E+07
    0.5063939699E+06    0.1541462898E+07
    0.5106288981E+06    0.1554261837E+07
    0.5148947385E+06    0.1567153807E+07
    0.5191916844E+06    0.1580139388E+07
    0.5235199296E+06    0.1593219164E+07
    0.5278796692E+06    0.1606393719E+07
    0.5322710991E+06    0.1619663643E+07
    0.5366944165E+06    0.1633029527E+07
    0.5411498194E+06    0.1646491966E+07
    0.5456375069E+06    0.1660051557E+07
    0.5501576791E+06    0.1673708903E+07
    0.5547105371E+06    0.1687464606E+07
    0.5592962831E+06    0.1701319274E+07
    0.5639151203E+06    0.1715273517E+07
    0.5685672531E+06    0.1729327949E+07
    0.5732528866E+06    0.1743483185E+07
    0.5779722273E+06    0.1757739847E+07
    0.5827254826E+06    0.1772098557E+07
    0.5875128610E+06    0.1786559940E+07
    0.5923345720E+06    0.1801124626E+07
    0.5971908263E+06    0.1815793248E+07
    0.6020818355E+06    0.1830566442E+07
    0.6070078124E+06    0.1845444845E+07
    0.6119689709E+06    0.1860429101E+07
    0.6169655260E+06    0.1875519855E+07
    0.6219976936E+06    0.1890717756E+07
    0.6270656909E+06    0.1906023455E+07
    0.6321697362E+06    0.1921437608E+07
    0.6373100488E+06    0.1936960874E+07
    0.6424868492E+06    0.1952593915E+07
    0.6477003589E+06    0.1968337396E+07
    0.6529508006E+06    0.1984191986E+07
    0.6582383981E+06    0.2000158356E+07
    0.6635633764E+06    0.2016237183E+07
    0.6689259616E+06    0.2032429145E+07
    0.6743263808E+06    0.2048734924E+07
    0.6797648625E+06    0.2065155206E+07
    0.6852416361E+06    0.2081690681E+07
    0.6907569322E+06    0.2098342041E+07
    0.6963109828E+06    0.2115109981E+07
    0.7019040207E+06    0.2131995202E+07
    0.7075362801E+06    0.2148998407E+07
    0.7132079963E+06    0.2166120301E+07
    0.7189194058E+06    0.2183361596E+07
    0.7246707463E+06    0.2200723004E+07
    0.7304622565E+06    0.2218205243E+07
    0.7362941766E+06    0.2235809034E+07
    0.7421667477E+06    0.2253535101E+07
    0.7480802122E+06    0.2271384172E+07
    0.7540348139E+06    0.2289356979E+07
    0.7600307975E+06    0.2307454255E+07
    0.7660684091E+06    0.2325676742E+07
    0.7721478960E+06    0.2344025179E+07
    0.7782695065E+06    0.2362500315E+07
    0.7844334905E+06    0.2381102899E+07
    0.7906400990E+06    0.2399833683E+07
    0.7968895839E+06    0.2418693426E+07
    0.8031821989E+06    0.2437682888E+07
    0.8095181986E+06    0.2456802835E+07
    0.8158978388E+06    0.2476054033E+07
    0.8223213768E+06    0.2495437256E+07
    0.8287890710E+06    0.2514953279E+07
    0.8353011811E+06    0.2534602883E+07
    0.8418579681E+06    0.2554386850E+07
    0.8484596943E+06    0.2574305968E+07
    0.8551066231E+06    0.2594361029E+07
    0.8617990193E+06    0.2614552828E+07
    0.8685371492E+06    0.2634882163E+07
    0.8753212801E+06    0.2655349837E+07
    0.8821516807E+06    0.2675956658E+07
    0.8890286210E+06    0.2696703435E+07
    0.8959523724E+06    0.2717590984E+07
    0.9029232074E+06    0.2738620123E+07
    0.9099414001E+06    0.2759791674E+07
    0.9170072257E+06    0.2781106465E+07
    0.9241209608E+06    0.2802565325E+07
    0.9312828835E+06    0.2824169089E+07
    0.9384932729E+06    0.2845918596E+07
    0.9457524098E+06    0.2867814688E+07
    0.9530605762E+06    0.2889858212E+07
    0.9604180553E+06    0.2912050019E+07
    0.9678251320E+06    0.2934390963E+07
    0.9752820923E+06    0.2956881904E+07
    0.9827892236E+06    0.2979523704E+07
    0.9903468148E+06    0.3002317230E+07
    0.9979551561E+06    0.3025263354E+07
    0.1005614539E+07    0.3048362952E+07
    0.1013325257E+07    0.3071616903E+07
    0.1021087604E+07    0.3095026091E+07
    0.1028901876E+07    0.3118591404E+07
    0.1036768370E+07    0.3142313734E+07
    0.1044687385E+07    0.3166193978E+07
    0.1052659220E+07    0.3190233037E+07
    0.1060684178E+07    0.3214431816E+07
    0.1068762562E+07    0.3238791224E+07
    0.1076894675E+07    0.3263312175E+07
    0.1085080823E+07    0.3287995587E+07
    0.1093321314E+07    0.3312842383E+07
    0.1101616456E+07    0.3337853489E+07
    0.1109966560E+07    0.3363029836E+07
    0.1118371936E+07    0.3388372360E+07
    0.1126832900E+07    0.3413882001E+07
    0.1135349763E+07    0.3439559703E+07
    0.1143922844E+07    0.3465406415E+07
    0.1152552459E+07    0.3491423091E+07
    0.1161238927E+07    0.3517610688E+07
    0.1169982570E+07    0.3543970167E+07
    0.1178783708E+07    0.3570502497E+07
    0.1187642666E+07    0.3597208649E+07
    0.1196559768E+07    0.3624089597E+07
    0.1205535341E+07    0.3651146324E+07
    0.1214569714E+07    0.3678379812E+07
    0.1223663215E+07    0.3705791054E+07
    0.1232816176E+07    0.3733381041E+07
    0.1242028931E+07    0.3761150774E+07
    0.1251301812E+07    0.3789101255E+07
    0.1260635156E+07    0.3817233493E+07
    0.1270029300E+07    0.3845548501E+07
    0.1279484583E+07    0.3874047296E+07
    0.1289001346E+07    0.3902730901E+07
    0.1298579931E+07    0.3931600342E+07
    0.1308220681E+07    0.3960656651E+07
    0.1317923942E+07    0.3989900864E+07
    0.1327690060E+07    0.4019334024E+07
    0.1337519385E+07    0.4048957176E+07
    0.1347412266E+07    0.4078771371E+07
    0.1357369054E+07    0.4108777664E+07
    0.1367390104E+07    0.4138977117E+07
    0.1377475769E+07    0.4169370794E+07
    0.1387626408E+07    0.4199959767E+07
    0.1397842377E+07    0.4230745111E+07
    0.1408124037E+07    0.4261727905E+07
    0.1418471749E+07    0.4292909235E+07
    0.1428885877E+07    0.4324290192E+07
    0.1439366784E+07    0.4355871869E+07
    0.1449914839E+07    0.4387655369E+07
    0.1460530408E+07    0.4419641794E+07
    0.1471213862E+07    0.4451832257E+07
    0.1481965572E+07    0.4484227872E+07
    0.1492785911E+07    0.4516829759E+07
    0.1503675255E+07    0.4549639044E+07
    0.1514633979E+07    0.4582656858E+07
    0.1525662463E+07    0.4615884335E+07
    0.1536761087E+07    0.4649322618E+07
    0.1547930231E+07    0.4682972852E+07
    0.1559170280E+07    0.4716836187E+07
    0.1570481618E+07    0.4750913782E+07
    0.1581864634E+07    0.4785206796E+07
    0.1593319715E+07    0.4819716398E+07
    0.1604847252E+07    0.4854443759E+07
    0.1616447637E+07    0.4889390057E+07
    0.1628121265E+07    0.4924556474E+07
    0.1639868531E+07    0.4959944199E+07
    0.1651689832E+07    0.4995554424E+07
    0.1663585568E+07    0.5031388349E+07
    0.1675556140E+07    0.5067447178E+07
    0.1687601951E+07    0.5103732121E+07
    0.1699723406E+07    0.5140244391E+07
    0.1711920912E+07    0.5176985210E+07
    0.1724194876E+07    0.5213955804E+07
    0.1736545709E+07    0.5251157403E+07
    0.1748973823E+07    0.5288591245E+07
    0.1761479632E+07    0.5326258572E+07
    0.1774063551E+07    0.5364160631E+07
    0.1786725999E+07    0.5402298677E+07
    0.1799467394E+07    0.5440673968E+07
    0.1812288158E+07    0.5479287769E+07
    0.1825188714E+07    0.5518141350E+07
    0.1838169486E+07    0.5557235986E+07
    0.1851230903E+07    0.5596572960E+07
    0.1864373393E+07    0.5636153559E+07
    0.1877597386E+07    0.5675979074E+07
    0.1890903315E+07    0.5716050806E+07
    0.1904291615E+07    0.5756370058E+07
    0.1917762722E+07    0.5796938140E+07
    0.1931317075E+07    0.5837756369E+07
    0.1944955113E+07    0.5878826065E+07
    0.1958677279E+07    0.5920148556E+07
    0.1972484017E+07    0.5961725176E+07
    0.1986375774E+07    0.6003557263E+07
    0.2000352997E+07    0.6045646163E+07
    0.2014416137E+07    0.6087993227E+07
    0.2028565645E+07    0.6130599811E+07
    0.2042801976E+07    0.6173467278E+07
    0.2057125585E+07    0.6216596997E+07
    0.2071536931E+07    0.6259990343E+07
    0.2086036474E+07    0.6303648696E+07
    0.2100624675E+07    0.6347573443E+07
    0.2115301998E+07    0.6391765977E+07
    0.2130068910E+07    0.6436227697E+07
    0.2144925879E+07    0.6480960007E+07
    0.2159873375E+07    0.6525964319E+07
    0.2174911869E+07    0.6571242050E+07
    0.2190041837E+07    0.6616794623E+07
    0.2205263754E+07    0.6662623467E+07
    0.2220578099E+07    0.6708730019E+07
    0.2235985351E+07    0.6755115721E+07
    0.2251485995E+07    0.6801782019E+07
    0.2267080513E+07    0.6848730370E+07
    0.2282769393E+07    0.6895962232E+07
    0.2298553124E+07    0.6943479075E+07
    0.2314432196E+07    0.6991282369E+07
    0.2330407102E+07    0.7039373597E+07
    0.2346478338E+07    0.7087754242E+07
    0.2362646401E+07    0.7136425798E+07
    0.2378911789E+07    0.7185389764E+07
    0.2395275005E+07    0.7234647644E+07
    0.2411736551E+07    0.7284200951E+07
    0.2428296935E+07    0.7334051203E+07
    0.2444956664E+07    0.7384199923E+07
    0.2461716248E+07    0.7434648644E+07
    0.2478576199E+07    0.7485398903E+07
    0.2495537032E+07    0.7536452245E+07
    0.2512599263E+07    0.7587810219E+07
    0.2529763412E+07    0.7639474385E+07
    0.2547029999E+07    0.7691446305E+07
    0.2564399549E+07    0.7743727551E+07
    0.2581872586E+07    0.7796319700E+07
    0.2599449638E+07    0.7849224336E+07
    0.2617131236E+07    0.7902443050E+07
    0.2634917911E+07    0.7955977439E+07
    0.2652810198E+07    0.8009829109E+07
    0.2670808635E+07    0.8063999670E+07
    0.2688913759E+07    0.8118490740E+07
    0.2707126113E+07    0.8173303944E+07
    0.2725446240E+07    0.8228440913E+07
    0.2743874686E+07    0.8283903287E+07
    0.2762411999E+07    0.8339692710E+07
    0.2781058730E+07    0.8395810836E+07
    0.2799815431E+07    0.8452259323E+07
    0.2818682658E+07    0.8509039838E+07
    0.2837660969E+07    0.8566154053E+07
    0.2856750923E+07    0.8623603651E+07
    0.2875953082E+07    0.8681390317E+07
    0.2895268011E+07    0.8739515746E+07
    0.2914696278E+07    0.8797981640E+07
    0.2934238450E+07    0.8856789708E+07
    0.2953895101E+07    0.8915941665E+07
    0.2973666803E+07    0.8975439235E+07
    0.2993554134E+07    0.9035284147E+07
    0.3013557672E+07    0.9095478139E+07
    0.3033677999E+07    0.9156022956E+07
    0.3053915699E+07    0.9216920349E+07
    0.3074271356E+07    0.9278172077E+07
    0.3094745561E+07    0.9339779908E+07
    0.3115338904E+07    0.9401745615E+07
    0.3136051979E+07    0.9464070979E+07
    0.3156885381E+07    0.9526757789E+07
    0.3177839709E+07    0.9589807840E+07
    0.3198915564E+07    0.9653222936E+07
    0.3220113548E+07    0.9717004889E+07
    0.3241434269E+07    0.9781155515E+07
    0.3262878335E+07    0.9845676642E+07
    0.3284446355E+07    0.9910570102E+07
    0.3306138944E+07    0.9975837737E+07
    0.3327956718E+07    0.1004148140E+08
    0.3349900295E+07    0.1010750293E+08
    0.3371970296E+07    0.1017390421E+08
    0.3394167344E+07    0.1024068711E+08
    0.3416492066E+07    0.1030785349E+08
    0.3438945090E+07    0.1037540526E+08
    0.3461527048E+07    0.1044334430E+08
    0.3484238574E+07    0.1051167252E+08
    0.3507080303E+07    0.1058039183E+08
    0.3530052875E+07    0.1064950414E+08
    0.3553156931E+07    0.1071901138E+08
    0.3576393117E+07    0.1078891549E+08
    0.3599762078E+07    0.1085921840E+08
    0.3623264464E+07    0.1092992207E+08
    0.3646900928E+07    0.1100102845E+08
    0.3670672124E+07    0.1107253950E+08
    0.3694578709E+07    0.1114445721E+08
    0.3718621345E+07    0.1121678355E+08
    0.3742800693E+07    0.1128952051E+08
    0.3767117419E+07    0.1136267009E+08
    0.3791572192E+07    0.1143623430E+08
    0.3816165683E+07    0.1151021514E+08
    0.3840898564E+07    0.1158461464E+08
    0.3865771513E+07    0.1165943483E+08
    0.3890785208E+07    0.1173467775E+08
    0.3915940332E+07    0.1181034545E+08
    0.3941237568E+07    0.1188643997E+08
    0.3966677605E+07    0.1196296338E+08
    0.3992261132E+07    0.1203991776E+08
    0.4017988843E+07    0.1211730517E+08
    0.4043861433E+07    0.1219512772E+08
    0.4069879600E+07    0.1227338749E+08
    0.4096044046E+07    0.1235208659E+08
    0.4122355474E+07    0.1243122714E+08
    0.4148814593E+07    0.1251081125E+08
    0.4175422111E+07    0.1259084106E+08
    0.4202178741E+07    0.1267131870E+08
    0.4229085198E+07    0.1275224632E+08
    0.4256142201E+07    0.1283362608E+08
    0.4283350472E+07    0.1291546014E+08
    0.4310710733E+07    0.1299775067E+08
    0.4338223712E+07    0.1308049986E+08
    0.4365890139E+07    0.1316370989E+08
    0.4393710746E+07    0.1324738297E+08
    0.4421686269E+07    0.1333152129E+08
    0.4449817447E+07    0.1341612709E+08
    0.4478105021E+07    0.1350120258E+08
    0.4506549735E+07    0.1358675000E+08
    0.4535152338E+07    0.1367277159E+08
    0.4563913578E+07    0.1375926960E+08
    0.4592834210E+07    0.1384624630E+08
    0.4621914990E+07    0.1393370394E+08
    0.4651156676E+07    0.1402164482E+08
    0.4680560032E+07    0.1411007122E+08
    0.4710125822E+07    0.1419898543E+08
    0.4739854816E+07    0.1428838976E+08
    0.4769747783E+07    0.1437828653E+08
    0.4799805499E+07    0.1446867806E+08
    0.4830028740E+07    0.1455956668E+08
    0.4860418288E+07    0.1465095474E+08
    0.4890974926E+07    0.1474284458E+08
    0.4921699440E+07    0.1483523857E+08
    0.4952592620E+07    0.1492813908E+08
    0.4983655259E+07    0.1502154848E+08
    0.5014888152E+07    0.1511546916E+08
    0.5046292099E+07    0.1520990353E+08
    0.5077867902E+07    0.1530485398E+08
    0.5109616365E+07    0.1540032294E+08
    0.5141538298E+07    0.1549631283E+08
    0.5173634511E+07    0.1559282609E+08
    0.5205905820E+07    0.1568986515E+08
    0.5238353042E+07    0.1578743249E+08
    0.5270976998E+07    0.1588553055E+08
    0.5303778513E+07    0.1598416181E+08
    0.5336758413E+07    0.1608332876E+08
    0.5369917530E+07    0.1618303389E+08
    0.5403256698E+07    0.1628327970E+08
    0.5436776752E+07    0.1638406870E+08
    0.5470478535E+07    0.1648540341E+08
    0.5504362888E+07    0.1658728638E+08
    0.5538430660E+07    0.1668972012E+08
    0.5572682700E+07    0.1679270721E+08
    0.5607119861E+07    0.1689625020E+08
    0.5641743001E+07    0.1700035165E+08
    0.5676552979E+07    0.1710501416E+08
    0.5711550658E+07    0.1721024031E+08
    0.5746736905E+07    0.1731603270E+08
    0.5782112590E+07    0.1742239394E+08
    0.5817678586E+07    0.1752932666E+08
    0.5853435769E+07    0.1763683348E+08
    0.5889385021E+07    0.1774491704E+08
    0.5925527224E+07    0.1785358000E+08
    0.5961863264E+07    0.1796282501E+08
    0.5998394033E+07    0.1807265476E+08
    0.6035120423E+07    0.1818307191E+08
    0.6072043331E+07    0.1829407916E+08
    0.6109163658E+07    0.1840567921E+08
    0.6146482308E+07    0.1851787478E+08
    0.6184000187E+07    0.1863066859E+08
    0.6221718207E+07    0.1874406337E+08
    0.6259637282E+07    0.1885806186E+08
    0.6297758328E+07    0.1897266681E+08
    0.6336082269E+07    0.1908788100E+08
    0.6374610027E+07    0.1920370720E+08
    0.6413342531E+07    0.1932014818E+08
    0.6452280714E+07    0.1943720676E+08
    0.6491425509E+07    0.1955488572E+08
    0.6530777856E+07    0.1967318790E+08
    0.6570338697E+07    0.1979211612E+08
    0.6610108977E+07    0.1991167321E+08
    0.6650089647E+07    0.2003186203E+08
    0.6690281659E+07    0.2015268543E+08
    0.6730685970E+07    0.2027414629E+08
    0.6771303540E+07    0.2039624748E+08
    0.6812135332E+07    0.2051899191E+08
    0.6853182315E+07    0.2064238247E+08
    0.6894445459E+07    0.2076642207E+08
    0.6935925739E+07    0.2089111365E+08
    0.6977624133E+07    0.2101646013E+08
    0.7019541623E+07    0.2114246447E+08
    0.7061679196E+07    0.2126912962E+08
    0.7104037840E+07    0.2139645855E+08
    0.7146618549E+07    0.2152445425E+08
    0.7189422319E+07    0.2165311969E+08
    0.7232450151E+07    0.2178245790E+08
    0.7275703050E+07    0.2191247187E+08
    0.7319182022E+07    0.2204316464E+08
    0.7362888081E+07    0.2217453923E+08
    0.7406822242E+07    0.2230659871E+08
    0.7450985524E+07    0.2243934612E+08
    0.7495378950E+07    0.2257278454E+08
    0.7540003547E+07    0.2270691705E+08
    0.7584860346E+07    0.2284174675E+08
    0.7629950381E+07    0.2297727672E+08
    0.7675274691E+07    0.2311351011E+08
    0.7720834319E+07    0.2325045002E+08
    0.7766630310E+07    0.2338809960E+08
    0.7812663714E+07    0.2352646201E+08
    0.7858935586E+07    0.2366554039E+08
    0.7905446983E+07    0.2380533794E+08
    0.7952198966E+07    0.2394585782E+08
    0.7999192602E+07    0.2408710325E+08
    0.8046428959E+07    0.2422907743E+08
    0.8093909112E+07    0.2437178359E+08
    0.8141634138E+07    0.2451522494E+08
    0.8189605118E+07    0.2465940475E+08
    0.8237823138E+07    0.2480432627E+08
    0.8286289287E+07    0.2494999276E+08
    0.8335004658E+07    0.2509640751E+08
    0.8383970348E+07    0.2524357381E+08
    0.8433187460E+07    0.2539149496E+08
    0.8482657099E+07    0.2554017429E+08
    0.8532380373E+07    0.2568961512E+08
    0.8582358397E+07    0.2583982079E+08
    0.8632592288E+07    0.2599079466E+08
    0.8683083168E+07    0.2614254009E+08
    0.8733832163E+07    0.2629506047E+08
    0.8784840402E+07    0.2644835917E+08
    0.8836109020E+07    0.2660243961E+08
    0.8887639154E+07    0.2675730520E+08
    0.8939431948E+07    0.2691295937E+08
    0.8991488547E+07    0.2706940555E+08
    0.9043810102E+07    0.2722664721E+08
    0.9096397768E+07    0.2738468780E+08
    0.9149252703E+07    0.2754353081E+08
    0.9202376072E+07    0.2770317971E+08
    0.9255769041E+07    0.2786363803E+08
    0.9309432782E+07    0.2802490927E+08
    0.9363368470E+07    0.2818699696E+08
    0.9417577287E+07    0.2834990464E+08
    0.9472060416E+07    0.2851363587E+08
    0.9526819046E+07    0.2867819421E+08
    0.9581854370E+07    0.2884358325E+08
    0.9637167585E+07    0.2900980657E+08
    0.9692759892E+07    0.2917686778E+08
    0.9748632499E+07    0.2934477050E+08
    0.9804786614E+07    0.2951351836E+08
    0.9861223452E+07    0.2968311501E+08
    0.9917944232E+07    0.2985356410E+08
    0.9974950179E+07    0.3002486930E+08
    0.1003224252E+08    0.3019703430E+08
    0.1008982248E+08    0.3037006280E+08
    0.1014769131E+08    0.3054395850E+08
    0.1020585024E+08    0.3071872514E+08
    0.1026430052E+08    0.3089436644E+08
    0.1032304339E+08    0.3107088615E+08
    0.1038208012E+08    0.3124828805E+08
    0.1044141196E+08    0.3142657590E+08
    0.1050104017E+08    0.3160575350E+08
    0.1056096603E+08    0.3178582466E+08
    0.1062119080E+08    0.3196679318E+08
    0.1068171576E+08    0.3214866291E+08
    0.1074254219E+08    0.3233143768E+08
    0.1080367138E+08    0.3251512135E+08
    0.1086510462E+08    0.3269971781E+08
    0.1092684321E+08    0.3288523092E+08
    0.1098888843E+08    0.3307166460E+08
    0.1105124161E+08    0.3325902276E+08
    0.1111390404E+08    0.3344730932E+08
    0.1117687704E+08    0.3363652822E+08
    0.1124016193E+08    0.3382668343E+08
    0.1130376003E+08    0.3401777891E+08
    0.1136767267E+08    0.3420981863E+08
    0.1143190118E+08    0.3440280661E+08
    0.1149644690E+08    0.3459674685E+08
    0.1156131117E+08    0.3479164338E+08
    0.1162649533E+08    0.3498750024E+08
    0.1169200074E+08    0.3518432148E+08
    0.1175782875E+08    0.3538211116E+08
    0.1182398072E+08    0.3558087338E+08
    0.1189045802E+08    0.3578061223E+08
    0.1195726202E+08    0.3598133182E+08
    0.1202439409E+08    0.3618303627E+08
    0.1209185561E+08    0.3638572973E+08
    0.1215964797E+08    0.3658941635E+08
    0.1222777256E+08    0.3679410030E+08
    0.1229623077E+08    0.3699978576E+08
    0.1236502400E+08    0.3720647693E+08
    0.1243415365E+08    0.3741417803E+08
    0.1250362114E+08    0.3762289328E+08
    0.1257342787E+08    0.3783262692E+08
    0.1264357527E+08    0.3804338321E+08
    0.1271406476E+08    0.3825516643E+08
    0.1278489776E+08    0.3846798086E+08
    0.1285607572E+08    0.3868183080E+08
    0.1292760006E+08    0.3889672057E+08
    0.1299947224E+08    0.3911265450E+08
    0.1307169371E+08    0.3932963694E+08
    0.1314426590E+08    0.3954767224E+08
    0.1321719030E+08    0.3976676480E+08
    0.1329046835E+08    0.3998691899E+08
    0.1336410153E+08    0.4020813922E+08
    0.1343809130E+08    0.4043042992E+08
    0.1351243916E+08    0.4065379553E+08
    0.1358714659E+08    0.4087824050E+08
    0.1366221506E+08    0.4110376930E+08
    0.1373764608E+08    0.4133038640E+08
    0.1381344115E+08    0.4155809632E+08
    0.1388960178E+08    0.4178690356E+08
    0.1396612946E+08    0.4201681266E+08
    0.1404302572E+08    0.4224782815E+08
    0.1412029207E+08    0.4247995461E+08
    0.1419793005E+08    0.4271319662E+08
    0.1427594118E+08    0.4294755875E+08
    0.1435432700E+08    0.4318304563E+08
    0.1443308905E+08    0.4341966187E+08
    0.1451222888E+08    0.4365741212E+08
    0.1459174803E+08    0.4389630103E+08
    0.1467164807E+08    0.4413633327E+08
    0.1475193055E+08    0.4437751354E+08
    0.1483259705E+08    0.4461984654E+08
    0.1491364914E+08    0.4486333698E+08
    0.1499508839E+08    0.4510798961E+08
    0.1507691640E+08    0.4535380917E+08
    0.1515913474E+08    0.4560080044E+08
    0.1524174502E+08    0.4584896819E+08
    0.1532474884E+08    0.4609831724E+08
    0.1540814779E+08    0.4634885239E+08
    0.1549194349E+08    0.4660057848E+08
    0.1557613756E+08    0.4685350037E+08
    0.1566073162E+08    0.4710762291E+08
    0.1574572730E+08    0.4736295099E+08
    0.1583112622E+08    0.4761948952E+08
    0.1591693004E+08    0.4787724340E+08
    0.1600314038E+08    0.4813621757E+08
    0.1608975891E+08    0.4839641698E+08
    0.1617678727E+08    0.4865784660E+08
    0.1626422713E+08    0.4892051140E+08
    0.1635208015E+08    0.4918441639E+08
    0.1644034801E+08    0.4944956659E+08
    0.1652903238E+08    0.4971596702E+08
    0.1661813494E+08    0.4998362275E+08
    0.1670765739E+08    0.5025253883E+08
