    0.2326912074E-17    0.4747045663E-09
    0.1768453176E-16    0.2197706341E-08
    0.1396147244E-15    0.7417259015E-08
    0.7185504484E-15    0.2035295928E-07
    0.3041739463E-14    0.4824405361E-07
    0.1062933435E-13    0.1025362019E-06
    0.3243156972E-13    0.2002660368E-06
    0.8850456612E-13    0.3656435213E-06
    0.2201966203E-12    0.6318321057E-06
    0.5076465842E-12    0.1042926690E-05
    0.1097170689E-11    0.1656129393E-05
    0.2243902743E-11    0.2544123142E-05
    0.4374803190E-11    0.3797643079E-05
    0.8179978305E-11    0.5528245812E-05
    0.1474063430E-10    0.7871276510E-05
    0.2570622048E-10    0.1098903386E-04
    0.4353368793E-10    0.1507413293E-04
    0.7180473887E-10    0.2035306591E-04
    0.1156422135E-09    0.2708996083E-04
    0.1822460768E-09    0.3559053824E-04
    0.2815791461E-09    0.4620626587E-04
    0.4272285923E-09    0.5933871142E-04
    0.6374848825E-09    0.7544409341E-04
    0.9366720142E-09    0.9503803024E-04
    0.1356781015E-08    0.1187004874E-03
    0.1939454720E-08    0.1470809233E-03
    0.2738383041E-08    0.1809036330E-03
    0.3822178952E-08    0.2209732909E-03
    0.5277797989E-08    0.2681806919E-03
    0.7214595100E-08    0.3235086911E-03
    0.9769097016E-08    0.3880383431E-03
    0.1311059815E-07    0.4629552389E-03
    0.1744768348E-07    0.5495560438E-03
    0.2303579864E-07    0.6492552331E-03
    0.3018600298E-07    0.7635920283E-03
    0.3927503859E-07    0.8942375327E-03
    0.5075687949E-07    0.1043002067E-02
    0.6517592337E-07    0.1211842705E-02
    0.8318201070E-07    0.1402871012E-02
    0.1055474664E-06    0.1618360978E-02
    0.1331863786E-06    0.1860757162E-02
    0.1671763424E-06    0.2132683024E-02
    0.2087829085E-06    0.2436949476E-02
    0.2594870132E-06    0.2776563620E-02
    0.3210156582E-06    0.3154737696E-02
    0.3953761507E-06    0.3574898231E-02
    0.4848942201E-06    0.4040695396E-02
    0.5922563642E-06    0.4556012561E-02
    0.7205567788E-06    0.5124976057E-02
    0.8733492606E-06    0.5751965143E-02
    0.1054704520E-05    0.6441622185E-02
    0.1269273299E-05    0.7198863027E-02
    0.1522355797E-05    0.8028887586E-02
    0.1819977878E-05    0.8937190644E-02
    0.2168974580E-05    0.9929572854E-02
    0.2577081467E-05    0.1101215195E-01
    0.3053034432E-05    0.1219137417E-01
    0.3606678510E-05    0.1347402591E-01
    0.4249086391E-05    0.1486724553E-01
    0.4992687279E-05    0.1637853547E-01
    0.5851406818E-05    0.1801577449E-01
    0.6840818807E-05    0.1978723015E-01
    0.7978309532E-05    0.2170157156E-01
    0.9283255473E-05    0.2376788228E-01
    0.1077721529E-04    0.2599567345E-01
    0.1248413696E-04    0.2839489720E-01
    0.1443058100E-04    0.3097596019E-01
    0.1664596080E-04    0.3374973746E-01
    0.1916280101E-04    0.3672758645E-01
    0.2201701509E-04    0.3992136124E-01
    0.2524820318E-04    0.4334342710E-01
    0.2889997139E-04    0.4700667515E-01
    0.3302027367E-04    0.5092453736E-01
    0.3766177770E-04    0.5511100171E-01
    0.4288225587E-04    0.5958062761E-01
    0.4874500286E-04    0.6434856160E-01
    0.5531928124E-04    0.6943055321E-01
    0.6268079643E-04    0.7484297112E-01
    0.7091220270E-04    0.8060281956E-01
    0.8010364160E-04    0.8672775493E-01
    0.9035331462E-04    0.9323610268E-01
    0.1017680917E-03    0.1001468745E+00
    0.1144641574E-03    0.1074797855E+00
    0.1285676962E-03    0.1152552724E+00
    0.1442156196E-03    0.1234945107E+00
    0.1615563358E-03    0.1322194333E+00
    0.1807505653E-03    0.1414527491E+00
    0.2019722031E-03    0.1512179611E+00
    0.2254092310E-03    0.1615393862E+00
    0.2512646806E-03    0.1724421736E+00
    0.2797576513E-03    0.1839523251E+00
    0.3111243837E-03    0.1960967144E+00
    0.3456193917E-03    0.2089031073E+00
    0.3835166563E-03    0.2224001825E+00
    0.4251108820E-03    0.2366175518E+00
    0.4707188207E-03    0.2515857812E+00
    0.5206806634E-03    0.2673364126E+00
    0.5753615045E-03    0.2839019847E+00
    0.6351528804E-03    0.3013160558E+00
    0.7004743851E-03    0.3196132250E+00
    0.7717753673E-03    0.3388291559E+00
    0.8495367104E-03    0.3590005985E+00
    0.9342726992E-03    0.3801654129E+00
    0.1026532977E-02    0.4023625929E+00
    0.1126904595E-02    0.4256322897E+00
    0.1236014162E-02    0.4500158362E+00
    0.1354530087E-02    0.4755557716E+00
    0.1483164934E-02    0.5022958665E+00
    0.1622677878E-02    0.5302811479E+00
    0.1773877274E-02    0.5595579252E+00
    0.1937623345E-02    0.5901738161E+00
    0.2114830978E-02    0.6221777733E+00
    0.2306472659E-02    0.6556201107E+00
    0.2513581518E-02    0.6905525315E+00
    0.2737254517E-02    0.7270281553E+00
    0.2978655766E-02    0.7651015461E+00
    0.3239019984E-02    0.8048287411E+00
    0.3519656103E-02    0.8462672794E+00
    0.3821951015E-02    0.8894762313E+00
    0.4147373477E-02    0.9345162281E+00
    0.4497478174E-02    0.9814494925E+00
    0.4873909944E-02    0.1030339869E+01
    0.5278408167E-02    0.1081252854E+01
    0.5712811327E-02    0.1134255631E+01
    0.6179061758E-02    0.1189417098E+01
    0.6679210562E-02    0.1246807903E+01
    0.7215422720E-02    0.1306500477E+01
    0.7789982395E-02    0.1368569065E+01
    0.8405298433E-02    0.1433089763E+01
    0.9063910065E-02    0.1500140553E+01
    0.9768492821E-02    0.1569801335E+01
    0.1052186466E-01    0.1642153964E+01
    0.1132699230E-01    0.1717282289E+01
    0.1218699782E-01    0.1795272185E+01
    0.1310516543E-01    0.1876211594E+01
    0.1408494855E-01    0.1960190561E+01
    0.1512997704E-01    0.2047301275E+01
    0.1624406479E-01    0.2137638105E+01
    0.1743121748E-01    0.2231297643E+01
    0.1869564062E-01    0.2328378740E+01
    0.2004174789E-01    0.2428982551E+01
    0.2147416972E-01    0.2533212578E+01
    0.2299776215E-01    0.2641174706E+01
    0.2461761600E-01    0.2752977252E+01
    0.2633906633E-01    0.2868731006E+01
    0.2816770216E-01    0.2988549276E+01
    0.3010937655E-01    0.3112547935E+01
    0.3217021695E-01    0.3240845461E+01
    0.3435663592E-01    0.3373562991E+01
    0.3667534209E-01    0.3510824364E+01
    0.3913335156E-01    0.3652756169E+01
    0.4173799952E-01    0.3799487798E+01
    0.4449695236E-01    0.3951151489E+01
    0.4741822000E-01    0.4107882381E+01
    0.5051016863E-01    0.4269818567E+01
    0.5378153387E-01    0.4437101140E+01
    0.5724143419E-01    0.4609874251E+01
    0.6089938482E-01    0.4788285162E+01
    0.6476531202E-01    0.4972484299E+01
    0.6884956765E-01    0.5162625308E+01
    0.7316294432E-01    0.5358865115E+01
    0.7771669077E-01    0.5561363976E+01
    0.8252252779E-01    0.5770285545E+01
    0.8759266452E-01    0.5985796923E+01
    0.9293981514E-01    0.6208068728E+01
    0.9857721610E-01    0.6437275148E+01
    0.1045186437E+00    0.6673594010E+01
    0.1107784321E+00    0.6917206837E+01
    0.1173714919E+00    0.7168298919E+01
    0.1243133293E+00    0.7427059373E+01
    0.1316200651E+00    0.7693681210E+01
    0.1393084553E+00    0.7968361405E+01
    0.1473959108E+00    0.8251300966E+01
    0.1559005190E+00    0.8542704998E+01
    0.1648410647E+00    0.8842782781E+01
    0.1742370524E+00    0.9151747838E+01
    0.1841087286E+00    0.9469818008E+01
    0.1944771048E+00    0.9797215522E+01
    0.2053639810E+00    0.1013416708E+02
    0.2167919697E+00    0.1048090391E+02
    0.2287845207E+00    0.1083766190E+02
    0.2413659459E+00    0.1120468159E+02
    0.2545614453E+00    0.1158220833E+02
    0.2683971331E+00    0.1197049233E+02
    0.2829000646E+00    0.1236978874E+02
    0.2980982636E+00    0.1278035774E+02
    0.3140207503E+00    0.1320246464E+02
    0.3306975700E+00    0.1363637994E+02
    0.3481598225E+00    0.1408237943E+02
    0.3664396913E+00    0.1454074429E+02
    0.3855704747E+00    0.1501176117E+02
    0.4055866162E+00    0.1549572229E+02
    0.4265237366E+00    0.1599292552E+02
    0.4484186661E+00    0.1650367450E+02
    0.4713094773E+00    0.1702827870E+02
    0.4952355183E+00    0.1756705358E+02
    0.5202374479E+00    0.1812032061E+02
    0.5463572693E+00    0.1868840745E+02
    0.5736383664E+00    0.1927164799E+02
    0.6021255399E+00    0.1987038250E+02
    0.6318650437E+00    0.2048495771E+02
    0.6629046231E+00    0.2111572694E+02
    0.6952935526E+00    0.2176305019E+02
    0.7290826747E+00    0.2242729425E+02
    0.7643244400E+00    0.2310883283E+02
    0.8010729473E+00    0.2380804668E+02
    0.8393839842E+00    0.2452532368E+02
    0.8793150697E+00    0.2526105898E+02
    0.9209254957E+00    0.2601565511E+02
    0.9642763712E+00    0.2678952209E+02
    0.1009430665E+01    0.2758307761E+02
    0.1056453252E+01    0.2839674709E+02
    0.1105410956E+01    0.2923096382E+02
    0.1156372599E+01    0.3008616912E+02
    0.1209409047E+01    0.3096281247E+02
    0.1264593254E+01    0.3186135160E+02
    0.1322000316E+01    0.3278225266E+02
    0.1381707518E+01    0.3372599035E+02
    0.1443794383E+01    0.3469304809E+02
    0.1508342723E+01    0.3568391808E+02
    0.1575436691E+01    0.3669910153E+02
    0.1645162832E+01    0.3773910877E+02
    0.1717610140E+01    0.3880445938E+02
    0.1792870105E+01    0.3989568237E+02
    0.1871036776E+01    0.4101331631E+02
    0.1952206808E+01    0.4215790951E+02
    0.2036479524E+01    0.4333002014E+02
    0.2123956972E+01    0.4453021642E+02
    0.2214743978E+01    0.4575907676E+02
    0.2308948210E+01    0.4701718995E+02
    0.2406680236E+01    0.4830515527E+02
    0.2508053581E+01    0.4962358273E+02
    0.2613184793E+01    0.5097309317E+02
    0.2722193504E+01    0.5235431850E+02
    0.2835202489E+01    0.5376790181E+02
    0.2952337735E+01    0.5521449758E+02
    0.3073728501E+01    0.5669477185E+02
    0.3199507387E+01    0.5820940243E+02
    0.3329810398E+01    0.5975907904E+02
    0.3464777013E+01    0.6134450350E+02
    0.3604550250E+01    0.6296638997E+02
    0.3749276738E+01    0.6462546507E+02
    0.3899106785E+01    0.6632246813E+02
    0.4054194448E+01    0.6805815135E+02
    0.4214697608E+01    0.6983328003E+02
    0.4380778038E+01    0.7164863274E+02
    0.4552601479E+01    0.7350500154E+02
    0.4730337711E+01    0.7540319220E+02
    0.4914160635E+01    0.7734402437E+02
    0.5104248339E+01    0.7932833183E+02
    0.5300783185E+01    0.8135696269E+02
    0.5503951878E+01    0.8343077960E+02
    0.5713945552E+01    0.8555065999E+02
    0.5930959844E+01    0.8771749627E+02
    0.6155194977E+01    0.8993219606E+02
    0.6386855844E+01    0.9219568244E+02
    0.6626152084E+01    0.9450889415E+02
    0.6873298172E+01    0.9687278584E+02
    0.7128513499E+01    0.9928832831E+02
    0.7392022458E+01    0.1017565087E+03
    0.7664054533E+01    0.1042783310E+03
    0.7944844382E+01    0.1068548156E+03
    0.8234631928E+01    0.1094870005E+03
    0.8533662447E+01    0.1121759409E+03
    0.8842186658E+01    0.1149227095E+03
    0.9160460815E+01    0.1177283970E+03
    0.9488746796E+01    0.1205941122E+03
    0.9827312202E+01    0.1235209824E+03
    0.1017643044E+02    0.1265101535E+03
    0.1053638084E+02    0.1295627903E+03
    0.1090744872E+02    0.1326800770E+03
    0.1128992551E+02    0.1358632170E+03
    0.1168410883E+02    0.1391134337E+03
    0.1209030260E+02    0.1424319705E+03
    0.1250881715E+02    0.1458200910E+03
    0.1293996930E+02    0.1492790798E+03
    0.1338408247E+02    0.1528102419E+03
    0.1384148679E+02    0.1564149039E+03
    0.1431251919E+02    0.1600944138E+03
    0.1479752352E+02    0.1638501415E+03
    0.1529685066E+02    0.1676834787E+03
    0.1581085860E+02    0.1715958399E+03
    0.1633991258E+02    0.1755886622E+03
    0.1688438518E+02    0.1796634056E+03
    0.1744465644E+02    0.1838215539E+03
    0.1802111396E+02    0.1880646140E+03
    0.1861415302E+02    0.1923941174E+03
    0.1922417672E+02    0.1968116196E+03
    0.1985159603E+02    0.2013187008E+03
    0.2049682999E+02    0.2059169663E+03
    0.2116030575E+02    0.2106080469E+03
    0.2184245872E+02    0.2153935987E+03
    0.2254373273E+02    0.2202753044E+03
    0.2326458006E+02    0.2252548726E+03
    0.2400546166E+02    0.2303340389E+03
    0.2476684720E+02    0.2355145659E+03
    0.2554921523E+02    0.2407982439E+03
    0.2635305329E+02    0.2461868909E+03
    0.2717885805E+02    0.2516823529E+03
    0.2802713543E+02    0.2572865048E+03
    0.2889840072E+02    0.2630012503E+03
    0.2979317874E+02    0.2688285225E+03
    0.3071200392E+02    0.2747702842E+03
    0.3165542050E+02    0.2808285283E+03
    0.3262398260E+02    0.2870052782E+03
    0.3361825439E+02    0.2933025882E+03
    0.3463881023E+02    0.2997225440E+03
    0.3568623478E+02    0.3062672629E+03
    0.3676112316E+02    0.3129388943E+03
    0.3786408109E+02    0.3197396201E+03
    0.3899572502E+02    0.3266716554E+03
    0.4015668229E+02    0.3337372483E+03
    0.4134759124E+02    0.3409386809E+03
    0.4256910141E+02    0.3482782695E+03
    0.4382187363E+02    0.3557583650E+03
    0.4510658020E+02    0.3633813534E+03
    0.4642390503E+02    0.3711496563E+03
    0.4777454380E+02    0.3790657311E+03
    0.4915920409E+02    0.3871320718E+03
    0.5057860557E+02    0.3953512091E+03
    0.5203348010E+02    0.4037257113E+03
    0.5352457196E+02    0.4122581841E+03
    0.5505263792E+02    0.4209512719E+03
    0.5661844748E+02    0.4298076576E+03
    0.5822278297E+02    0.4388300632E+03
    0.5986643975E+02    0.4480212507E+03
    0.6155022636E+02    0.4573840220E+03
    0.6327496467E+02    0.4669212197E+03
    0.6504149008E+02    0.4766357277E+03
    0.6685065164E+02    0.4865304715E+03
    0.6870331226E+02    0.4966084187E+03
    0.7060034887E+02    0.5068725796E+03
    0.7254265259E+02    0.5173260077E+03
    0.7453112888E+02    0.5279718001E+03
    0.7656669775E+02    0.5388130983E+03
    0.7865029392E+02    0.5498530882E+03
    0.8078286701E+02    0.5610950014E+03
    0.8296538169E+02    0.5725421151E+03
    0.8519881788E+02    0.5841977527E+03
    0.8748417096E+02    0.5960652847E+03
    0.8982245188E+02    0.6081481290E+03
    0.9221468743E+02    0.6204497514E+03
    0.9466192037E+02    0.6329736664E+03
    0.9716520964E+02    0.6457234376E+03
    0.9972563055E+02    0.6587026781E+03
    0.1023442750E+03    0.6719150515E+03
    0.1050222515E+03    0.6853642721E+03
    0.1077606858E+03    0.6990541056E+03
    0.1105607204E+03    0.7129883700E+03
    0.1134235156E+03    0.7271709354E+03
    0.1163502487E+03    0.7416057256E+03
    0.1193421153E+03    0.7562967180E+03
    0.1224003286E+03    0.7712479445E+03
    0.1255261201E+03    0.7864634918E+03
    0.1287207395E+03    0.8019475026E+03
    0.1319854552E+03    0.8177041757E+03
    0.1353215545E+03    0.8337377668E+03
    0.1387303433E+03    0.8500525893E+03
    0.1422131471E+03    0.8666530146E+03
    0.1457713107E+03    0.8835434732E+03
    0.1494061985E+03    0.9007284548E+03
    0.1531191946E+03    0.9182125094E+03
    0.1569117036E+03    0.9360002478E+03
    0.1607851499E+03    0.9540963424E+03
    0.1647409789E+03    0.9725055276E+03
    0.1687806563E+03    0.9912326006E+03
    0.1729056692E+03    0.1010282422E+04
    0.1771175255E+03    0.1029659918E+04
    0.1814177550E+03    0.1049370077E+04
    0.1858079087E+03    0.1069417955E+04
    0.1902895598E+03    0.1089808674E+04
    0.1948643037E+03    0.1110547424E+04
    0.1995337579E+03    0.1131639460E+04
    0.2042995628E+03    0.1153090108E+04
    0.2091633815E+03    0.1174904762E+04
    0.2141269004E+03    0.1197088886E+04
    0.2191918291E+03    0.1219648016E+04
    0.2243599008E+03    0.1242587758E+04
    0.2296328727E+03    0.1265913790E+04
    0.2350125260E+03    0.1289631865E+04
    0.2405006663E+03    0.1313747807E+04
    0.2460991239E+03    0.1338267517E+04
    0.2518097540E+03    0.1363196968E+04
    0.2576344367E+03    0.1388542214E+04
    0.2635750778E+03    0.1414309381E+04
    0.2696336087E+03    0.1440504675E+04
    0.2758119866E+03    0.1467134380E+04
    0.2821121951E+03    0.1494204860E+04
    0.2885362442E+03    0.1521722558E+04
    0.2950861707E+03    0.1549693999E+04
    0.3017640384E+03    0.1578125788E+04
    0.3085719383E+03    0.1607024614E+04
    0.3155119892E+03    0.1636397250E+04
    0.3225863376E+03    0.1666250550E+04
    0.3297971583E+03    0.1696591458E+04
    0.3371466545E+03    0.1727427000E+04
    0.3446370580E+03    0.1758764290E+04
    0.3522706297E+03    0.1790610531E+04
    0.3600496599E+03    0.1822973013E+04
    0.3679764684E+03    0.1855859115E+04
    0.3760534050E+03    0.1889276308E+04
    0.3842828496E+03    0.1923232155E+04
    0.3926672127E+03    0.1957734307E+04
    0.4012089355E+03    0.1992790514E+04
    0.4099104904E+03    0.2028408614E+04
    0.4187743812E+03    0.2064596545E+04
    0.4278031435E+03    0.2101362337E+04
    0.4369993447E+03    0.2138714120E+04
    0.4463655849E+03    0.2176660120E+04
    0.4559044968E+03    0.2215208661E+04
    0.4656187458E+03    0.2254368169E+04
    0.4755110309E+03    0.2294147169E+04
    0.4855840848E+03    0.2334554287E+04
    0.4958406740E+03    0.2375598253E+04
    0.5062835994E+03    0.2417287901E+04
    0.5169156965E+03    0.2459632168E+04
    0.5277398356E+03    0.2502640098E+04
    0.5387589227E+03    0.2546320840E+04
    0.5499758990E+03    0.2590683652E+04
    0.5613937421E+03    0.2635737901E+04
    0.5730154656E+03    0.2681493063E+04
    0.5848441199E+03    0.2727958723E+04
    0.5968827925E+03    0.2775144581E+04
    0.6091346081E+03    0.2823060448E+04
    0.6216027292E+03    0.2871716249E+04
    0.6342903566E+03    0.2921122025E+04
    0.6472007291E+03    0.2971287931E+04
    0.6603371247E+03    0.3022224241E+04
    0.6737028604E+03    0.3073941347E+04
    0.6873012926E+03    0.3126449760E+04
    0.7011358180E+03    0.3179760111E+04
    0.7152098732E+03    0.3233883153E+04
    0.7295269356E+03    0.3288829761E+04
    0.7440905235E+03    0.3344610936E+04
    0.7589041968E+03    0.3401237802E+04
    0.7739715571E+03    0.3458721608E+04
    0.7892962482E+03    0.3517073734E+04
    0.8048819562E+03    0.3576305685E+04
    0.8207324106E+03    0.3636429098E+04
    0.8368513839E+03    0.3697455738E+04
    0.8532426924E+03    0.3759397504E+04
    0.8699101966E+03    0.3822266428E+04
    0.8868578015E+03    0.3886074677E+04
    0.9040894571E+03    0.3950834551E+04
    0.9216091586E+03    0.4016558490E+04
    0.9394209470E+03    0.4083259070E+04
    0.9575289096E+03    0.4150949006E+04
    0.9759371801E+03    0.4219641156E+04
    0.9946499393E+03    0.4289348517E+04
    0.1013671415E+04    0.4360084230E+04
    0.1033005884E+04    0.4431861580E+04
    0.1052657670E+04    0.4504694000E+04
    0.1072631147E+04    0.4578595066E+04
    0.1092930735E+04    0.4653578504E+04
    0.1113560907E+04    0.4729658190E+04
    0.1134526185E+04    0.4806848151E+04
    0.1155831141E+04    0.4885162564E+04
    0.1177480397E+04    0.4964615762E+04
    0.1199478628E+04    0.5045222231E+04
    0.1221830559E+04    0.5126996613E+04
    0.1244540970E+04    0.5209953710E+04
    0.1267614691E+04    0.5294108479E+04
    0.1291056606E+04    0.5379476040E+04
    0.1314871653E+04    0.5466071675E+04
    0.1339064823E+04    0.5553910826E+04
    0.1363641163E+04    0.5643009103E+04
    0.1388605775E+04    0.5733382279E+04
    0.1413963814E+04    0.5825046295E+04
    0.1439720493E+04    0.5918017261E+04
    0.1465881082E+04    0.6012311458E+04
    0.1492450907E+04    0.6107945337E+04
    0.1519435350E+04    0.6204935522E+04
    0.1546839853E+04    0.6303298812E+04
    0.1574669917E+04    0.6403052184E+04
    0.1602931098E+04    0.6504212788E+04
    0.1631629015E+04    0.6606797956E+04
    0.1660769346E+04    0.6710825200E+04
    0.1690357829E+04    0.6816312213E+04
    0.1720400263E+04    0.6923276873E+04
    0.1750902507E+04    0.7031737242E+04
    0.1781870485E+04    0.7141711568E+04
    0.1813310180E+04    0.7253218288E+04
    0.1845227641E+04    0.7366276028E+04
    0.1877628978E+04    0.7480903606E+04
    0.1910520366E+04    0.7597120033E+04
    0.1943908045E+04    0.7714944512E+04
    0.1977798318E+04    0.7834396445E+04
    0.2012197557E+04    0.7955495429E+04
    0.2047112198E+04    0.8078261263E+04
    0.2082548742E+04    0.8202713944E+04
    0.2118513761E+04    0.8328873674E+04
    0.2155013892E+04    0.8456760857E+04
    0.2192055841E+04    0.8586396104E+04
    0.2229646383E+04    0.8717800233E+04
    0.2267792362E+04    0.8850994271E+04
    0.2306500693E+04    0.8985999457E+04
    0.2345778361E+04    0.9122837240E+04
    0.2385632421E+04    0.9261529287E+04
    0.2426070002E+04    0.9402097477E+04
    0.2467098303E+04    0.9544563910E+04
    0.2508724597E+04    0.9688950902E+04
    0.2550956231E+04    0.9835280994E+04
    0.2593800624E+04    0.9983576946E+04
    0.2637265272E+04    0.1013386175E+05
    0.2681357744E+04    0.1028615861E+05
    0.2726085687E+04    0.1044049097E+05
    0.2771456822E+04    0.1059688251E+05
    0.2817478950E+04    0.1075535713E+05
    0.2864159946E+04    0.1091593896E+05
    0.2911507766E+04    0.1107865238E+05
    0.2959530444E+04    0.1124352200E+05
    0.3008236094E+04    0.1141057266E+05
    0.3057632908E+04    0.1157982946E+05
    0.3107729161E+04    0.1175131774E+05
    0.3158533209E+04    0.1192506306E+05
    0.3210053489E+04    0.1210109127E+05
    0.3262298521E+04    0.1227942842E+05
    0.3315276909E+04    0.1246010085E+05
    0.3368997340E+04    0.1264313513E+05
    0.3423468585E+04    0.1282855809E+05
    0.3478699501E+04    0.1301639683E+05
    0.3534699033E+04    0.1320667868E+05
    0.3591476208E+04    0.1339943127E+05
    0.3649040143E+04    0.1359468245E+05
    0.3707400044E+04    0.1379246036E+05
    0.3766565202E+04    0.1399279341E+05
    0.3826545000E+04    0.1419571026E+05
    0.3887348910E+04    0.1440123985E+05
    0.3948986494E+04    0.1460941139E+05
    0.4011467406E+04    0.1482025437E+05
    0.4074801391E+04    0.1503379856E+05
    0.4138998289E+04    0.1525007399E+05
    0.4204068031E+04    0.1546911100E+05
    0.4270020642E+04    0.1569094018E+05
    0.4336866243E+04    0.1591559243E+05
    0.4404615049E+04    0.1614309893E+05
    0.4473277373E+04    0.1637349114E+05
    0.4542863623E+04    0.1660680083E+05
    0.4613384307E+04    0.1684306004E+05
    0.4684850028E+04    0.1708230113E+05
    0.4757271490E+04    0.1732455675E+05
    0.4830659498E+04    0.1756985985E+05
    0.4905024955E+04    0.1781824366E+05
    0.4980378867E+04    0.1806974176E+05
    0.5056732341E+04    0.1832438799E+05
    0.5134096588E+04    0.1858221654E+05
    0.5212482921E+04    0.1884326188E+05
    0.5291902758E+04    0.1910755881E+05
    0.5372367622E+04    0.1937514245E+05
    0.5453889143E+04    0.1964604822E+05
    0.5536479055E+04    0.1992031187E+05
    0.5620149202E+04    0.2019796949E+05
    0.5704911535E+04    0.2047905747E+05
    0.5790778113E+04    0.2076361254E+05
    0.5877761105E+04    0.2105167176E+05
    0.5965872793E+04    0.2134327251E+05
    0.6055125568E+04    0.2163845253E+05
    0.6145531932E+04    0.2193724987E+05
    0.6237104504E+04    0.2223970294E+05
    0.6329856012E+04    0.2254585048E+05
    0.6423799301E+04    0.2285573159E+05
    0.6518947332E+04    0.2316938569E+05
    0.6615313181E+04    0.2348685257E+05
    0.6712910041E+04    0.2380817237E+05
    0.6811751223E+04    0.2413338559E+05
    0.6911850158E+04    0.2446253306E+05
    0.7013220393E+04    0.2479565601E+05
    0.7115875599E+04    0.2513279599E+05
    0.7219829568E+04    0.2547399495E+05
    0.7325096211E+04    0.2581929518E+05
    0.7431689564E+04    0.2616873937E+05
    0.7539623788E+04    0.2652237054E+05
    0.7648913167E+04    0.2688023213E+05
    0.7759572110E+04    0.2724236792E+05
    0.7871615154E+04    0.2760882211E+05
    0.7985056962E+04    0.2797963923E+05
    0.8099912327E+04    0.2835486425E+05
    0.8216196168E+04    0.2873454249E+05
    0.8333923537E+04    0.2911871968E+05
    0.8453109616E+04    0.2950744194E+05
    0.8573769717E+04    0.2990075578E+05
    0.8695919287E+04    0.3029870811E+05
    0.8819573905E+04    0.3070134625E+05
    0.8944749286E+04    0.3110871791E+05
    0.9071461279E+04    0.3152087123E+05
    0.9199725871E+04    0.3193785474E+05
    0.9329559185E+04    0.3235971739E+05
    0.9460977481E+04    0.3278650855E+05
    0.9593997161E+04    0.3321827800E+05
    0.9728634766E+04    0.3365507594E+05
    0.9864906978E+04    0.3409695300E+05
    0.1000283062E+05    0.3454396025E+05
    0.1014242266E+05    0.3499614916E+05
    0.1028370021E+05    0.3545357165E+05
    0.1042668052E+05    0.3591628009E+05
    0.1057138100E+05    0.3638432726E+05
    0.1071781919E+05    0.3685776640E+05
    0.1086601280E+05    0.3733665119E+05
    0.1101597966E+05    0.3782103576E+05
    0.1116773777E+05    0.3831097468E+05
    0.1132130528E+05    0.3880652299E+05
    0.1147670049E+05    0.3930773617E+05
    0.1163394185E+05    0.3981467018E+05
    0.1179304796E+05    0.4032738142E+05
    0.1195403758E+05    0.4084592677E+05
    0.1211692962E+05    0.4137036358E+05
    0.1228174317E+05    0.4190074966E+05
    0.1244849745E+05    0.4243714331E+05
    0.1261721185E+05    0.4297960329E+05
    0.1278790592E+05    0.4352818886E+05
    0.1296059937E+05    0.4408295975E+05
    0.1313531208E+05    0.4464397619E+05
    0.1331206408E+05    0.4521129890E+05
    0.1349087558E+05    0.4578498907E+05
    0.1367176693E+05    0.4636510843E+05
    0.1385475868E+05    0.4695171917E+05
    0.1403987152E+05    0.4754488400E+05
    0.1422712632E+05    0.4814466615E+05
    0.1441654413E+05    0.4875112933E+05
    0.1460814614E+05    0.4936433780E+05
    0.1480195375E+05    0.4998435631E+05
    0.1499798851E+05    0.5061125014E+05
    0.1519627214E+05    0.5124508509E+05
    0.1539682656E+05    0.5188592749E+05
    0.1559967384E+05    0.5253384420E+05
    0.1580483624E+05    0.5318890261E+05
    0.1601233620E+05    0.5385117065E+05
    0.1622219634E+05    0.5452071680E+05
    0.1643443945E+05    0.5519761007E+05
    0.1664908851E+05    0.5588192002E+05
    0.1686616670E+05    0.5657371677E+05
    0.1708569735E+05    0.5727307098E+05
    0.1730770400E+05    0.5798005388E+05
    0.1753221037E+05    0.5869473726E+05
    0.1775924037E+05    0.5941719347E+05
    0.1798881810E+05    0.6014749543E+05
    0.1822096784E+05    0.6088571663E+05
    0.1845571409E+05    0.6163193115E+05
    0.1869308150E+05    0.6238621363E+05
    0.1893309494E+05    0.6314863931E+05
    0.1917577949E+05    0.6391928400E+05
    0.1942116039E+05    0.6469822410E+05
    0.1966926310E+05    0.6548553664E+05
    0.1992011328E+05    0.6628129920E+05
    0.2017373679E+05    0.6708558998E+05
    0.2043015967E+05    0.6789848780E+05
    0.2068940819E+05    0.6872007207E+05
    0.2095150882E+05    0.6955042281E+05
    0.2121648821E+05    0.7038962068E+05
    0.2148437325E+05    0.7123774694E+05
    0.2175519102E+05    0.7209488348E+05
    0.2202896880E+05    0.7296111281E+05
    0.2230573411E+05    0.7383651809E+05
    0.2258551465E+05    0.7472118310E+05
    0.2286833835E+05    0.7561519227E+05
    0.2315423335E+05    0.7651863065E+05
    0.2344322801E+05    0.7743158398E+05
    0.2373535090E+05    0.7835413861E+05
    0.2403063081E+05    0.7928638157E+05
    0.2432909674E+05    0.8022840054E+05
    0.2463077794E+05    0.8118028386E+05
    0.2493570385E+05    0.8214212054E+05
    0.2524390415E+05    0.8311400028E+05
    0.2555540874E+05    0.8409601341E+05
    0.2587024775E+05    0.8508825100E+05
    0.2618845154E+05    0.8609080475E+05
    0.2651005068E+05    0.8710376708E+05
    0.2683507600E+05    0.8812723108E+05
    0.2716355853E+05    0.8916129056E+05
    0.2749552955E+05    0.9020604001E+05
    0.2783102059E+05    0.9126157463E+05
    0.2817006338E+05    0.9232799033E+05
    0.2851268992E+05    0.9340538373E+05
    0.2885893243E+05    0.9449385218E+05
    0.2920882337E+05    0.9559349374E+05
    0.2956239545E+05    0.9670440718E+05
    0.2991968163E+05    0.9782669204E+05
    0.3028071508E+05    0.9896044854E+05
    0.3064552926E+05    0.1001057777E+06
    0.3101415785E+05    0.1012627812E+06
    0.3138663479E+05    0.1024315616E+06
    0.3176299425E+05    0.1036122221E+06
    0.3214327069E+05    0.1048048666E+06
    0.3252749878E+05    0.1060096000E+06
    0.3291571348E+05    0.1072265276E+06
    0.3330794999E+05    0.1084557559E+06
    0.3370424376E+05    0.1096973919E+06
    0.3410463051E+05    0.1109515433E+06
    0.3450914622E+05    0.1122183189E+06
    0.3491782714E+05    0.1134978279E+06
    0.3533070976E+05    0.1147901807E+06
    0.3574783085E+05    0.1160954882E+06
    0.3616922746E+05    0.1174138621E+06
    0.3659493688E+05    0.1187454152E+06
    0.3702499669E+05    0.1200902607E+06
    0.3745944474E+05    0.1214485130E+06
    0.3789831914E+05    0.1228202870E+06
    0.3834165829E+05    0.1242056986E+06
    0.3878950086E+05    0.1256048646E+06
    0.3924188579E+05    0.1270179024E+06
    0.3969885231E+05    0.1284449305E+06
    0.4016043992E+05    0.1298860680E+06
    0.4062668842E+05    0.1313414350E+06
    0.4109763788E+05    0.1328111524E+06
    0.4157332866E+05    0.1342953420E+06
    0.4205380140E+05    0.1357941264E+06
    0.4253909704E+05    0.1373076292E+06
    0.4302925681E+05    0.1388359746E+06
    0.4352432222E+05    0.1403792880E+06
    0.4402433509E+05    0.1419376955E+06
    0.4452933751E+05    0.1435113242E+06
    0.4503937191E+05    0.1451003018E+06
    0.4555448097E+05    0.1467047573E+06
    0.4607470772E+05    0.1483248204E+06
    0.4660009544E+05    0.1499606216E+06
    0.4713068775E+05    0.1516122926E+06
    0.4766652857E+05    0.1532799658E+06
    0.4820766212E+05    0.1549637745E+06
    0.4875413293E+05    0.1566638530E+06
    0.4930598585E+05    0.1583803367E+06
    0.4986326602E+05    0.1601133616E+06
    0.5042601893E+05    0.1618630650E+06
    0.5099429035E+05    0.1636295848E+06
    0.5156812640E+05    0.1654130601E+06
    0.5214757348E+05    0.1672136309E+06
    0.5273267835E+05    0.1690314381E+06
    0.5332348807E+05    0.1708666237E+06
    0.5392005004E+05    0.1727193305E+06
    0.5452241197E+05    0.1745897024E+06
    0.5513062191E+05    0.1764778843E+06
    0.5574472824E+05    0.1783840220E+06
    0.5636477967E+05    0.1803082624E+06
    0.5699082524E+05    0.1822507533E+06
    0.5762291432E+05    0.1842116436E+06
    0.5826109664E+05    0.1861910831E+06
    0.5890542225E+05    0.1881892229E+06
    0.5955594154E+05    0.1902062147E+06
    0.6021270526E+05    0.1922422115E+06
    0.6087576449E+05    0.1942973673E+06
    0.6154517066E+05    0.1963718371E+06
    0.6222097556E+05    0.1984657771E+06
    0.6290323130E+05    0.2005793442E+06
    0.6359199038E+05    0.2027126968E+06
    0.6428730563E+05    0.2048659940E+06
    0.6498923025E+05    0.2070393961E+06
    0.6569781778E+05    0.2092330646E+06
    0.6641312214E+05    0.2114471620E+06
    0.6713519761E+05    0.2136818517E+06
    0.6786409881E+05    0.2159372984E+06
    0.6859988075E+05    0.2182136679E+06
    0.6934259881E+05    0.2205111271E+06
    0.7009230872E+05    0.2228298439E+06
    0.7084906660E+05    0.2251699873E+06
    0.7161292893E+05    0.2275317277E+06
    0.7238395258E+05    0.2299152362E+06
    0.7316219478E+05    0.2323206855E+06
    0.7394771316E+05    0.2347482490E+06
    0.7474056571E+05    0.2371981016E+06
    0.7554081083E+05    0.2396704191E+06
    0.7634850728E+05    0.2421653787E+06
    0.7716371422E+05    0.2446831584E+06
    0.7798649120E+05    0.2472239378E+06
    0.7881689816E+05    0.2497878975E+06
    0.7965499544E+05    0.2523752190E+06
    0.8050084376E+05    0.2549860855E+06
    0.8135450425E+05    0.2576206811E+06
    0.8221603845E+05    0.2602791910E+06
    0.8308550828E+05    0.2629618019E+06
    0.8396297609E+05    0.2656687016E+06
    0.8484850460E+05    0.2684000789E+06
    0.8574215697E+05    0.2711561241E+06
    0.8664399677E+05    0.2739370287E+06
    0.8755408796E+05    0.2767429853E+06
    0.8847249494E+05    0.2795741879E+06
    0.8939928252E+05    0.2824308317E+06
    0.9033451591E+05    0.2853131131E+06
    0.9127826076E+05    0.2882212297E+06
    0.9223058315E+05    0.2911553807E+06
    0.9319154958E+05    0.2941157662E+06
    0.9416122696E+05    0.2971025878E+06
    0.9513968265E+05    0.3001160484E+06
    0.9612698444E+05    0.3031563519E+06
    0.9712320054E+05    0.3062237040E+06
    0.9812839963E+05    0.3093183114E+06
    0.9914265080E+05    0.3124403820E+06
    0.1001660236E+06    0.3155901254E+06
    0.1011985880E+06    0.3187677521E+06
    0.1022404144E+06    0.3219734744E+06
    0.1032915737E+06    0.3252075056E+06
    0.1043521372E+06    0.3284700605E+06
    0.1054221767E+06    0.3317613551E+06
    0.1065017645E+06    0.3350816070E+06
    0.1075909733E+06    0.3384310350E+06
    0.1086898761E+06    0.3418098594E+06
    0.1097985466E+06    0.3452183018E+06
    0.1109170589E+06    0.3486565852E+06
    0.1120454875E+06    0.3521249340E+06
    0.1131839074E+06    0.3556235740E+06
    0.1143323942E+06    0.3591527326E+06
    0.1154910237E+06    0.3627126383E+06
    0.1166598725E+06    0.3663035213E+06
    0.1178390173E+06    0.3699256130E+06
    0.1190285357E+06    0.3735791465E+06
    0.1202285055E+06    0.3772643562E+06
    0.1214390050E+06    0.3809814779E+06
    0.1226601131E+06    0.3847307490E+06
    0.1238919092E+06    0.3885124083E+06
    0.1251344731E+06    0.3923266961E+06
    0.1263878850E+06    0.3961738542E+06
    0.1276522259E+06    0.4000541259E+06
    0.1289275770E+06    0.4039677559E+06
    0.1302140202E+06    0.4079149905E+06
    0.1315116379E+06    0.4118960776E+06
    0.1328205128E+06    0.4159112664E+06
    0.1341407283E+06    0.4199608079E+06
    0.1354723682E+06    0.4240449544E+06
    0.1368155171E+06    0.4281639599E+06
    0.1381702596E+06    0.4323180798E+06
    0.1395366814E+06    0.4365075712E+06
    0.1409148682E+06    0.4407326929E+06
    0.1423049067E+06    0.4449937048E+06
    0.1437068837E+06    0.4492908689E+06
    0.1451208867E+06    0.4536244486E+06
    0.1465470040E+06    0.4579947088E+06
    0.1479853239E+06    0.4624019161E+06
    0.1494359358E+06    0.4668463387E+06
    0.1508989292E+06    0.4713282465E+06
    0.1523743943E+06    0.4758479109E+06
    0.1538624220E+06    0.4804056050E+06
    0.1553631034E+06    0.4850016035E+06
    0.1568765306E+06    0.4896361830E+06
    0.1584027959E+06    0.4943096214E+06
    0.1599419922E+06    0.4990221984E+06
    0.1614942132E+06    0.5037741955E+06
    0.1630595528E+06    0.5085658959E+06
    0.1646381058E+06    0.5133975842E+06
    0.1662299674E+06    0.5182695470E+06
    0.1678352334E+06    0.5231820726E+06
    0.1694540001E+06    0.5281354507E+06
    0.1710863645E+06    0.5331299732E+06
    0.1727324242E+06    0.5381659334E+06
    0.1743922771E+06    0.5432436265E+06
    0.1760660221E+06    0.5483633493E+06
    0.1777537583E+06    0.5535254005E+06
    0.1794555857E+06    0.5587300805E+06
    0.1811716047E+06    0.5639776916E+06
    0.1829019163E+06    0.5692685377E+06
    0.1846466222E+06    0.5746029246E+06
    0.1864058247E+06    0.5799811599E+06
    0.1881796266E+06    0.5854035529E+06
    0.1899681313E+06    0.5908704150E+06
    0.1917714430E+06    0.5963820592E+06
    0.1935896663E+06    0.6019388003E+06
    0.1954229065E+06    0.6075409551E+06
    0.1972712695E+06    0.6131888422E+06
    0.1991348619E+06    0.6188827819E+06
    0.2010137908E+06    0.6246230967E+06
    0.2029081640E+06    0.6304101108E+06
    0.2048180899E+06    0.6362441502E+06
    0.2067436775E+06    0.6421255429E+06
    0.2086850367E+06    0.6480546188E+06
    0.2106422775E+06    0.6540317098E+06
    0.2126155112E+06    0.6600571495E+06
    0.2146048491E+06    0.6661312736E+06
    0.2166104036E+06    0.6722544199E+06
    0.2186322877E+06    0.6784269277E+06
    0.2206706147E+06    0.6846491387E+06
    0.2227254991E+06    0.6909213963E+06
    0.2247970555E+06    0.6972440461E+06
    0.2268853996E+06    0.7036174355E+06
    0.2289906476E+06    0.7100419139E+06
    0.2311129164E+06    0.7165178328E+06
    0.2332523234E+06    0.7230455457E+06
    0.2354089869E+06    0.7296254081E+06
    0.2375830258E+06    0.7362577776E+06
    0.2397745597E+06    0.7429430137E+06
    0.2419837087E+06    0.7496814781E+06
    0.2442105940E+06    0.7564735345E+06
    0.2464553370E+06    0.7633195486E+06
    0.2487180601E+06    0.7702198883E+06
    0.2509988864E+06    0.7771749236E+06
    0.2532979396E+06    0.7841850265E+06
    0.2556153441E+06    0.7912505711E+06
    0.2579512250E+06    0.7983719337E+06
    0.2603057082E+06    0.8055494928E+06
    0.2626789202E+06    0.8127836288E+06
    0.2650709883E+06    0.8200747244E+06
    0.2674820405E+06    0.8274231646E+06
    0.2699122055E+06    0.8348293362E+06
    0.2723616128E+06    0.8422936286E+06
    0.2748303924E+06    0.8498164330E+06
    0.2773186754E+06    0.8573981431E+06
    0.2798265932E+06    0.8650391545E+06
    0.2823542784E+06    0.8727398654E+06
    0.2849018640E+06    0.8805006760E+06
    0.2874694839E+06    0.8883219886E+06
    0.2900572727E+06    0.8962042081E+06
    0.2926653657E+06    0.9041477413E+06
    0.2952938990E+06    0.9121529975E+06
    0.2979430096E+06    0.9202203882E+06
    0.3006128350E+06    0.9283503272E+06
    0.3033035137E+06    0.9365432306E+06
    0.3060151849E+06    0.9447995168E+06
    0.3087479883E+06    0.9531196065E+06
    0.3115020649E+06    0.9615039227E+06
    0.3142775561E+06    0.9699528908E+06
    0.3170746041E+06    0.9784669386E+06
    0.3198933520E+06    0.9870464960E+06
    0.3227339437E+06    0.9956919957E+06
    0.3255965238E+06    0.1004403872E+07
    0.3284812377E+06    0.1013182563E+07
    0.3313882318E+06    0.1022028508E+07
    0.3343176530E+06    0.1030942149E+07
    0.3372696491E+06    0.1039923930E+07
    0.3402443690E+06    0.1048974298E+07
    0.3432419619E+06    0.1058093703E+07
    0.3462625783E+06    0.1067282596E+07
    0.3493063692E+06    0.1076541432E+07
    0.3523734866E+06    0.1085870667E+07
    0.3554640832E+06    0.1095270760E+07
    0.3585783126E+06    0.1104742174E+07
    0.3617163293E+06    0.1114285372E+07
    0.3648782886E+06    0.1123900822E+07
    0.3680643465E+06    0.1133588992E+07
    0.3712746601E+06    0.1143350354E+07
    0.3745093870E+06    0.1153185382E+07
    0.3777686861E+06    0.1163094555E+07
    0.3810527168E+06    0.1173078350E+07
    0.3843616394E+06    0.1183137250E+07
    0.3876956154E+06    0.1193271740E+07
    0.3910548067E+06    0.1203482307E+07
    0.3944393764E+06    0.1213769441E+07
    0.3978494882E+06    0.1224133634E+07
    0.4012853071E+06    0.1234575382E+07
    0.4047469986E+06    0.1245095182E+07
    0.4082347291E+06    0.1255693535E+07
    0.4117486662E+06    0.1266370944E+07
    0.4152889782E+06    0.1277127915E+07
    0.4188558341E+06    0.1287964956E+07
    0.4224494042E+06    0.1298882579E+07
    0.4260698594E+06    0.1309881297E+07
    0.4297173717E+06    0.1320961628E+07
    0.4333921138E+06    0.1332124090E+07
    0.4370942597E+06    0.1343369206E+07
    0.4408239838E+06    0.1354697501E+07
    0.4445814619E+06    0.1366109503E+07
    0.4483668704E+06    0.1377605741E+07
    0.4521803868E+06    0.1389186750E+07
    0.4560221895E+06    0.1400853066E+07
    0.4598924579E+06    0.1412605227E+07
    0.4637913723E+06    0.1424443776E+07
    0.4677191138E+06    0.1436369256E+07
    0.4716758647E+06    0.1448382216E+07
    0.4756618081E+06    0.1460483206E+07
    0.4796771282E+06    0.1472672779E+07
    0.4837220100E+06    0.1484951491E+07
    0.4877966395E+06    0.1497319902E+07
    0.4919012038E+06    0.1509778573E+07
    0.4960358909E+06    0.1522328070E+07
    0.5002008898E+06    0.1534968960E+07
    0.5043963903E+06    0.1547701814E+07
    0.5086225836E+06    0.1560527206E+07
    0.5128796614E+06    0.1573445712E+07
    0.5171678169E+06    0.1586457913E+07
    0.5214872438E+06    0.1599564392E+07
    0.5258381373E+06    0.1612765733E+07
    0.5302206932E+06    0.1626062527E+07
    0.5346351085E+06    0.1639455364E+07
    0.5390815812E+06    0.1652944841E+07
    0.5435603104E+06    0.1666531554E+07
    0.5480714961E+06    0.1680216105E+07
    0.5526153394E+06    0.1693999099E+07
    0.5571920424E+06    0.1707881142E+07
    0.5618018083E+06    0.1721862845E+07
    0.5664448413E+06    0.1735944821E+07
    0.5711213466E+06    0.1750127688E+07
    0.5758315305E+06    0.1764412066E+07
    0.5805756005E+06    0.1778798576E+07
    0.5853537649E+06    0.1793287846E+07
    0.5901662332E+06    0.1807880505E+07
    0.5950132160E+06    0.1822577185E+07
    0.5998949249E+06    0.1837378524E+07
    0.6048115727E+06    0.1852285158E+07
    0.6097633732E+06    0.1867297732E+07
    0.6147505411E+06    0.1882416890E+07
    0.6197732927E+06    0.1897643282E+07
    0.6248318448E+06    0.1912977560E+07
    0.6299264157E+06    0.1928420379E+07
    0.6350572247E+06    0.1943972399E+07
    0.6402244921E+06    0.1959634280E+07
    0.6454284396E+06    0.1975406690E+07
    0.6506692896E+06    0.1991290296E+07
    0.6559472660E+06    0.2007285771E+07
    0.6612625937E+06    0.2023393791E+07
    0.6666154987E+06    0.2039615034E+07
    0.6720062081E+06    0.2055950184E+07
    0.6774349502E+06    0.2072399925E+07
    0.6829019545E+06    0.2088964948E+07
    0.6884074516E+06    0.2105645945E+07
    0.6939516731E+06    0.2122443612E+07
    0.6995348521E+06    0.2139358650E+07
    0.7051572226E+06    0.2156391760E+07
    0.7108190199E+06    0.2173543651E+07
    0.7165204804E+06    0.2190815031E+07
    0.7222618416E+06    0.2208206616E+07
    0.7280433423E+06    0.2225719122E+07
    0.7338652226E+06    0.2243353271E+07
    0.7397277236E+06    0.2261109786E+07
    0.7456310877E+06    0.2278989396E+07
    0.7515755584E+06    0.2296992833E+07
    0.7575613805E+06    0.2315120832E+07
    0.7635888000E+06    0.2333374131E+07
    0.7696580641E+06    0.2351753474E+07
    0.7757694212E+06    0.2370259607E+07
    0.7819231210E+06    0.2388893280E+07
    0.7881194144E+06    0.2407655246E+07
    0.7943585534E+06    0.2426546263E+07
    0.8006407915E+06    0.2445567091E+07
    0.8069663833E+06    0.2464718497E+07
    0.8133355845E+06    0.2484001247E+07
    0.8197486525E+06    0.2503416115E+07
    0.8262058454E+06    0.2522963878E+07
    0.8327074230E+06    0.2542645313E+07
    0.8392536461E+06    0.2562461207E+07
    0.8458447770E+06    0.2582412345E+07
    0.8524810792E+06    0.2602499520E+07
    0.8591628173E+06    0.2622723527E+07
    0.8658902575E+06    0.2643085164E+07
    0.8726636671E+06    0.2663585236E+07
    0.8794833146E+06    0.2684224549E+07
    0.8863494702E+06    0.2705003913E+07
    0.8932624050E+06    0.2725924144E+07
    0.9002223917E+06    0.2746986061E+07
    0.9072297040E+06    0.2768190486E+07
    0.9142846173E+06    0.2789538245E+07
    0.9213874082E+06    0.2811030170E+07
    0.9285383544E+06    0.2832667095E+07
    0.9357377352E+06    0.2854449859E+07
    0.9429858313E+06    0.2876379305E+07
    0.9502829245E+06    0.2898456280E+07
    0.9576292982E+06    0.2920681634E+07
    0.9650252369E+06    0.2943056222E+07
    0.9724710268E+06    0.2965580904E+07
    0.9799669552E+06    0.2988256543E+07
    0.9875133110E+06    0.3011084006E+07
    0.9951103841E+06    0.3034064165E+07
    0.1002758466E+07    0.3057197895E+07
    0.1010457850E+07    0.3080486076E+07
    0.1018208831E+07    0.3103929593E+07
    0.1026011703E+07    0.3127529333E+07
    0.1033866765E+07    0.3151286189E+07
    0.1041774314E+07    0.3175201058E+07
    0.1049734651E+07    0.3199274841E+07
    0.1057748078E+07    0.3223508443E+07
    0.1065814896E+07    0.3247902774E+07
    0.1073935411E+07    0.3272458747E+07
    0.1082109928E+07    0.3297177281E+07
    0.1090338754E+07    0.3322059299E+07
    0.1098622197E+07    0.3347105727E+07
    0.1106960569E+07    0.3372317497E+07
    0.1115354180E+07    0.3397695544E+07
    0.1123803344E+07    0.3423240809E+07
    0.1132308375E+07    0.3448954237E+07
    0.1140869589E+07    0.3474836775E+07
    0.1149487303E+07    0.3500889378E+07
    0.1158161837E+07    0.3527113004E+07
    0.1166893511E+07    0.3553508614E+07
    0.1175682647E+07    0.3580077177E+07
    0.1184529568E+07    0.3606819663E+07
    0.1193434599E+07    0.3633737049E+07
    0.1202398068E+07    0.3660830315E+07
    0.1211420301E+07    0.3688100446E+07
    0.1220501629E+07    0.3715548432E+07
    0.1229642382E+07    0.3743175268E+07
    0.1238842894E+07    0.3770981952E+07
    0.1248103498E+07    0.3798969488E+07
    0.1257424530E+07    0.3827138885E+07
    0.1266806328E+07    0.3855491155E+07
    0.1276249230E+07    0.3884027316E+07
    0.1285753577E+07    0.3912748391E+07
    0.1295319711E+07    0.3941655407E+07
    0.1304947976E+07    0.3970749396E+07
    0.1314638716E+07    0.4000031394E+07
    0.1324392278E+07    0.4029502443E+07
    0.1334209012E+07    0.4059163589E+07
    0.1344089267E+07    0.4089015883E+07
    0.1354033394E+07    0.4119060382E+07
    0.1364041747E+07    0.4149298146E+07
    0.1374114681E+07    0.4179730241E+07
    0.1384252552E+07    0.4210357737E+07
    0.1394455718E+07    0.4241181710E+07
    0.1404724539E+07    0.4272203241E+07
    0.1415059377E+07    0.4303423414E+07
    0.1425460595E+07    0.4334843320E+07
    0.1435928557E+07    0.4366464054E+07
    0.1446463630E+07    0.4398286718E+07
    0.1457066181E+07    0.4430312415E+07
    0.1467736582E+07    0.4462542257E+07
    0.1478475202E+07    0.4494977359E+07
    0.1489282416E+07    0.4527618842E+07
    0.1500158598E+07    0.4560467831E+07
    0.1511104125E+07    0.4593525456E+07
    0.1522119375E+07    0.4626792855E+07
    0.1533204728E+07    0.4660271167E+07
    0.1544360565E+07    0.4693961539E+07
    0.1555587271E+07    0.4727865123E+07
    0.1566885229E+07    0.4761983075E+07
    0.1578254828E+07    0.4796316557E+07
    0.1589696456E+07    0.4830866736E+07
    0.1601210503E+07    0.4865634784E+07
    0.1612797361E+07    0.4900621879E+07
    0.1624457425E+07    0.4935829204E+07
    0.1636191090E+07    0.4971257947E+07
    0.1647998754E+07    0.5006909302E+07
    0.1659880815E+07    0.5042784467E+07
    0.1671837676E+07    0.5078884648E+07
    0.1683869738E+07    0.5115211053E+07
    0.1695977406E+07    0.5151764898E+07
    0.1708161088E+07    0.5188547404E+07
    0.1720421191E+07    0.5225559796E+07
    0.1732758125E+07    0.5262803306E+07
    0.1745172303E+07    0.5300279171E+07
    0.1757664138E+07    0.5337988634E+07
    0.1770234046E+07    0.5375932942E+07
    0.1782882445E+07    0.5414113350E+07
    0.1795609753E+07    0.5452531116E+07
    0.1808416392E+07    0.5491187505E+07
    0.1821302785E+07    0.5530083788E+07
    0.1834269357E+07    0.5569221240E+07
    0.1847316535E+07    0.5608601144E+07
    0.1860444747E+07    0.5648224787E+07
    0.1873654425E+07    0.5688093462E+07
    0.1886946001E+07    0.5728208467E+07
    0.1900319909E+07    0.5768571107E+07
    0.1913776585E+07    0.5809182692E+07
    0.1927316469E+07    0.5850044539E+07
    0.1940940000E+07    0.5891157969E+07
    0.1954647620E+07    0.5932524310E+07
    0.1968439774E+07    0.5974144896E+07
    0.1982316907E+07    0.6016021065E+07
    0.1996279468E+07    0.6058154163E+07
    0.2010327907E+07    0.6100545541E+07
    0.2024462675E+07    0.6143196556E+07
    0.2038684227E+07    0.6186108571E+07
    0.2052993018E+07    0.6229282955E+07
    0.2067389507E+07    0.6272721083E+07
    0.2081874152E+07    0.6316424336E+07
    0.2096447418E+07    0.6360394100E+07
    0.2111109766E+07    0.6404631770E+07
    0.2125861664E+07    0.6449138743E+07
    0.2140703578E+07    0.6493916425E+07
    0.2155635980E+07    0.6538966227E+07
    0.2170659341E+07    0.6584289567E+07
    0.2185774136E+07    0.6629887868E+07
    0.2200980840E+07    0.6675762560E+07
    0.2216279932E+07    0.6721915078E+07
    0.2231671893E+07    0.6768346866E+07
    0.2247157204E+07    0.6815059370E+07
    0.2262736350E+07    0.6862054046E+07
    0.2278409817E+07    0.6909332355E+07
    0.2294178095E+07    0.6956895763E+07
    0.2310041674E+07    0.7004745745E+07
    0.2326001047E+07    0.7052883780E+07
    0.2342056709E+07    0.7101311354E+07
    0.2358209157E+07    0.7150029960E+07
    0.2374458890E+07    0.7199041097E+07
    0.2390806411E+07    0.7248346270E+07
    0.2407252222E+07    0.7297946992E+07
    0.2423796829E+07    0.7347844780E+07
    0.2440440740E+07    0.7398041159E+07
    0.2457184465E+07    0.7448537662E+07
    0.2474028517E+07    0.7499335825E+07
    0.2490973409E+07    0.7550437193E+07
    0.2508019659E+07    0.7601843318E+07
    0.2525167785E+07    0.7653555757E+07
    0.2542418309E+07    0.7705576074E+07
    0.2559771753E+07    0.7757905840E+07
    0.2577228644E+07    0.7810546633E+07
    0.2594789508E+07    0.7863500038E+07
    0.2612454876E+07    0.7916767645E+07
    0.2630225280E+07    0.7970351052E+07
    0.2648101255E+07    0.8024251863E+07
    0.2666083337E+07    0.8078471691E+07
    0.2684172065E+07    0.8133012154E+07
    0.2702367981E+07    0.8187874875E+07
    0.2720671628E+07    0.8243061488E+07
    0.2739083552E+07    0.8298573631E+07
    0.2757604301E+07    0.8354412950E+07
    0.2776234426E+07    0.8410581097E+07
    0.2794974479E+07    0.8467079731E+07
    0.2813825016E+07    0.8523910521E+07
    0.2832786593E+07    0.8581075138E+07
    0.2851859772E+07    0.8638575264E+07
    0.2871045113E+07    0.8696412585E+07
    0.2890343182E+07    0.8754588798E+07
    0.2909754545E+07    0.8813105603E+07
    0.2929279772E+07    0.8871964710E+07
    0.2948919434E+07    0.8931167834E+07
    0.2968674105E+07    0.8990716699E+07
    0.2988544362E+07    0.9050613035E+07
    0.3008530783E+07    0.9110858580E+07
    0.3028633949E+07    0.9171455078E+07
    0.3048854445E+07    0.9232404282E+07
    0.3069192857E+07    0.9293707951E+07
    0.3089649772E+07    0.9355367852E+07
    0.3110225781E+07    0.9417385759E+07
    0.3130921479E+07    0.9479763453E+07
    0.3151737461E+07    0.9542502723E+07
    0.3172674325E+07    0.9605605365E+07
    0.3193732673E+07    0.9669073183E+07
    0.3214913107E+07    0.9732907987E+07
    0.3236216233E+07    0.9797111598E+07
    0.3257642660E+07    0.9861685839E+07
    0.3279192998E+07    0.9926632546E+07
    0.3300867860E+07    0.9991953559E+07
    0.3322667864E+07    0.1005765073E+08
    0.3344593626E+07    0.1012372591E+08
    0.3366645767E+07    0.1019018096E+08
    0.3388824913E+07    0.1025701776E+08
    0.3411131687E+07    0.1032423819E+08
    0.3433566719E+07    0.1039184413E+08
    0.3456130641E+07    0.1045983748E+08
    0.3478824085E+07    0.1052822014E+08
    0.3501647689E+07    0.1059699402E+08
    0.3524602090E+07    0.1066616104E+08
    0.3547687932E+07    0.1073572313E+08
    0.3570905857E+07    0.1080568221E+08
    0.3594256513E+07    0.1087604023E+08
    0.3617740550E+07    0.1094679915E+08
    0.3641358618E+07    0.1101796091E+08
    0.3665111374E+07    0.1108952748E+08
    0.3688999474E+07    0.1116150084E+08
    0.3713023579E+07    0.1123388297E+08
    0.3737184351E+07    0.1130667586E+08
    0.3761482456E+07    0.1137988150E+08
    0.3785918562E+07    0.1145350190E+08
    0.3810493340E+07    0.1152753907E+08
    0.3835207463E+07    0.1160199504E+08
    0.3860061608E+07    0.1167687184E+08
    0.3885056453E+07    0.1175217151E+08
    0.3910192681E+07    0.1182789608E+08
    0.3935470976E+07    0.1190404762E+08
    0.3960892026E+07    0.1198062819E+08
    0.3986456519E+07    0.1205763986E+08
    0.4012165150E+07    0.1213508471E+08
    0.4038018613E+07    0.1221296483E+08
    0.4064017608E+07    0.1229128231E+08
    0.4090162835E+07    0.1237003927E+08
    0.4116454998E+07    0.1244923780E+08
    0.4142894805E+07    0.1252888004E+08
    0.4169482964E+07    0.1260896812E+08
    0.4196220189E+07    0.1268950417E+08
    0.4223107195E+07    0.1277049034E+08
    0.4250144699E+07    0.1285192879E+08
    0.4277333424E+07    0.1293382167E+08
    0.4304674092E+07    0.1301617118E+08
    0.4332167431E+07    0.1309897948E+08
    0.4359814171E+07    0.1318224876E+08
    0.4387615044E+07    0.1326598123E+08
    0.4415570786E+07    0.1335017910E+08
    0.4443682135E+07    0.1343484457E+08
    0.4471949833E+07    0.1351997988E+08
    0.4500374623E+07    0.1360558726E+08
    0.4528957254E+07    0.1369166896E+08
    0.4557698476E+07    0.1377822722E+08
    0.4586599041E+07    0.1386526430E+08
    0.4615659706E+07    0.1395278248E+08
    0.4644881230E+07    0.1404078404E+08
    0.4674264376E+07    0.1412927126E+08
    0.4703809908E+07    0.1421824644E+08
    0.4733518594E+07    0.1430771188E+08
    0.4763391207E+07    0.1439766991E+08
    0.4793428519E+07    0.1448812283E+08
    0.4823631310E+07    0.1457907300E+08
    0.4854000358E+07    0.1467052274E+08
    0.4884536447E+07    0.1476247442E+08
    0.4915240364E+07    0.1485493039E+08
    0.4946112899E+07    0.1494789302E+08
    0.4977154843E+07    0.1504136469E+08
    0.5008366994E+07    0.1513534779E+08
    0.5039750149E+07    0.1522984472E+08
    0.5071305111E+07    0.1532485789E+08
    0.5103032684E+07    0.1542038971E+08
    0.5134933678E+07    0.1551644260E+08
    0.5167008903E+07    0.1561301901E+08
    0.5199259174E+07    0.1571012138E+08
    0.5231685310E+07    0.1580775216E+08
    0.5264288130E+07    0.1590591382E+08
    0.5297068459E+07    0.1600460882E+08
    0.5330027124E+07    0.1610383967E+08
    0.5363164957E+07    0.1620360884E+08
    0.5396482789E+07    0.1630391884E+08
    0.5429981460E+07    0.1640477218E+08
    0.5463661808E+07    0.1650617138E+08
    0.5497524678E+07    0.1660811898E+08
    0.5531570915E+07    0.1671061752E+08
    0.5565801371E+07    0.1681366955E+08
    0.5600216898E+07    0.1691727762E+08
    0.5634818353E+07    0.1702144432E+08
    0.5669606595E+07    0.1712617222E+08
    0.5704582489E+07    0.1723146391E+08
    0.5739746900E+07    0.1733732199E+08
    0.5775100699E+07    0.1744374908E+08
    0.5810644758E+07    0.1755074779E+08
    0.5846379954E+07    0.1765832076E+08
    0.5882307167E+07    0.1776647062E+08
    0.5918427280E+07    0.1787520003E+08
    0.5954741180E+07    0.1798451166E+08
    0.5991249757E+07    0.1809440816E+08
    0.6027953905E+07    0.1820489222E+08
    0.6064854520E+07    0.1831596654E+08
    0.6101952502E+07    0.1842763381E+08
    0.6139248755E+07    0.1853989675E+08
    0.6176744187E+07    0.1865275809E+08
    0.6214439707E+07    0.1876622055E+08
    0.6252336231E+07    0.1888028687E+08
    0.6290434676E+07    0.1899495982E+08
    0.6328735962E+07    0.1911024216E+08
    0.6367241014E+07    0.1922613665E+08
    0.6405950761E+07    0.1934264609E+08
    0.6444866133E+07    0.1945977328E+08
    0.6483988067E+07    0.1957752102E+08
    0.6523317500E+07    0.1969589212E+08
    0.6562855375E+07    0.1981488941E+08
    0.6602602637E+07    0.1993451574E+08
    0.6642560236E+07    0.2005477396E+08
    0.6682729125E+07    0.2017566691E+08
    0.6723110260E+07    0.2029719748E+08
    0.6763704602E+07    0.2041936854E+08
    0.6804513113E+07    0.2054218299E+08
    0.6845536762E+07    0.2066564373E+08
    0.6886776520E+07    0.2078975368E+08
    0.6928233360E+07    0.2091451575E+08
    0.6969908262E+07    0.2103993289E+08
    0.7011802207E+07    0.2116600805E+08
    0.7053916181E+07    0.2129274418E+08
    0.7096251173E+07    0.2142014425E+08
    0.7138808177E+07    0.2154821124E+08
    0.7181588189E+07    0.2167694814E+08
    0.7224592209E+07    0.2180635796E+08
    0.7267821242E+07    0.2193644371E+08
    0.7311276295E+07    0.2206720841E+08
    0.7354958382E+07    0.2219865511E+08
    0.7398868516E+07    0.2233078685E+08
    0.7443007717E+07    0.2246360668E+08
    0.7487377008E+07    0.2259711768E+08
    0.7531977417E+07    0.2273132294E+08
    0.7576809973E+07    0.2286622554E+08
    0.7621875712E+07    0.2300182859E+08
    0.7667175672E+07    0.2313813520E+08
    0.7712710894E+07    0.2327514851E+08
    0.7758482425E+07    0.2341287165E+08
    0.7804491316E+07    0.2355130777E+08
    0.7850738618E+07    0.2369046004E+08
    0.7897225392E+07    0.2383033164E+08
    0.7943952697E+07    0.2397092574E+08
    0.7990921600E+07    0.2411224555E+08
    0.8038133169E+07    0.2425429427E+08
    0.8085588480E+07    0.2439707513E+08
    0.8133288607E+07    0.2454059136E+08
    0.8181234634E+07    0.2468484620E+08
    0.8229427646E+07    0.2482984292E+08
    0.8277868731E+07    0.2497558478E+08
    0.8326558983E+07    0.2512207506E+08
    0.8375499499E+07    0.2526931706E+08
    0.8424691381E+07    0.2541731409E+08
    0.8474135734E+07    0.2556606945E+08
    0.8523833667E+07    0.2571558648E+08
    0.8573786294E+07    0.2586586852E+08
    0.8623994732E+07    0.2601691892E+08
    0.8674460103E+07    0.2616874106E+08
    0.8725183533E+07    0.2632133830E+08
    0.8776166151E+07    0.2647471405E+08
    0.8827409091E+07    0.2662887169E+08
    0.8878913492E+07    0.2678381466E+08
    0.8930680496E+07    0.2693954637E+08
    0.8982711249E+07    0.2709607027E+08
    0.9035006901E+07    0.2725338981E+08
    0.9087568607E+07    0.2741150846E+08
    0.9140397526E+07    0.2757042969E+08
    0.9193494822E+07    0.2773015699E+08
    0.9246861661E+07    0.2789069387E+08
    0.9300499215E+07    0.2805204385E+08
    0.9354408660E+07    0.2821421044E+08
    0.9408591176E+07    0.2837719720E+08
    0.9463047947E+07    0.2854100768E+08
    0.9517780162E+07    0.2870564544E+08
    0.9572789013E+07    0.2887111407E+08
    0.9628075698E+07    0.2903741715E+08
    0.9683641418E+07    0.2920455830E+08
    0.9739487379E+07    0.2937254113E+08
    0.9795614791E+07    0.2954136928E+08
    0.9852024869E+07    0.2971104638E+08
    0.9908718831E+07    0.2988157610E+08
    0.9965697901E+07    0.3005296210E+08
    0.1002296331E+08    0.3022520808E+08
    0.1008051628E+08    0.3039831773E+08
    0.1013835805E+08    0.3057229476E+08
    0.1019648987E+08    0.3074714289E+08
    0.1025491298E+08    0.3092286587E+08
    0.1031362863E+08    0.3109946743E+08
    0.1037263808E+08    0.3127695135E+08
    0.1043194257E+08    0.3145532141E+08
    0.1049154339E+08    0.3163458138E+08
    0.1055144178E+08    0.3181473509E+08
    0.1061163903E+08    0.3199578634E+08
    0.1067213641E+08    0.3217773898E+08
    0.1073293521E+08    0.3236059683E+08
    0.1079403671E+08    0.3254436377E+08
    0.1085544219E+08    0.3272904366E+08
    0.1091715296E+08    0.3291464039E+08
    0.1097917031E+08    0.3310115786E+08
    0.1104149556E+08    0.3328859999E+08
    0.1110413000E+08    0.3347697070E+08
    0.1116707495E+08    0.3366627393E+08
    0.1123033172E+08    0.3385651364E+08
    0.1129390165E+08    0.3404769380E+08
    0.1135778606E+08    0.3423981840E+08
    0.1142198628E+08    0.3443289142E+08
    0.1148650364E+08    0.3462691689E+08
    0.1155133950E+08    0.3482189882E+08
    0.1161649519E+08    0.3501784127E+08
    0.1168197207E+08    0.3521474827E+08
    0.1174777148E+08    0.3541262390E+08
    0.1181389480E+08    0.3561147225E+08
    0.1188034339E+08    0.3581129741E+08
    0.1194711862E+08    0.3601210349E+08
    0.1201422185E+08    0.3621389461E+08
    0.1208165448E+08    0.3641667493E+08
    0.1214941789E+08    0.3662044858E+08
    0.1221751346E+08    0.3682521975E+08
    0.1228594259E+08    0.3703099262E+08
    0.1235470668E+08    0.3723777138E+08
    0.1242380713E+08    0.3744556024E+08
    0.1249324535E+08    0.3765436345E+08
    0.1256302276E+08    0.3786418523E+08
    0.1263314077E+08    0.3807502985E+08
    0.1270360082E+08    0.3828690157E+08
    0.1277440431E+08    0.3849980469E+08
    0.1284555270E+08    0.3871374351E+08
    0.1291704741E+08    0.3892872234E+08
    0.1298888990E+08    0.3914474552E+08
    0.1306108161E+08    0.3936181739E+08
    0.1313362399E+08    0.3957994231E+08
    0.1320651850E+08    0.3979912467E+08
    0.1327976661E+08    0.4001936885E+08
    0.1335336979E+08    0.4024067927E+08
    0.1342732950E+08    0.4046306034E+08
    0.1350164723E+08    0.4068651650E+08
    0.1357632446E+08    0.4091105221E+08
    0.1365136268E+08    0.4113667193E+08
    0.1372676339E+08    0.4136338015E+08
    0.1380252808E+08    0.4159118138E+08
    0.1387865826E+08    0.4182008011E+08
    0.1395515544E+08    0.4205008089E+08
    0.1403202113E+08    0.4228118826E+08
    0.1410925685E+08    0.4251340678E+08
    0.1418686413E+08    0.4274674103E+08
    0.1426484451E+08    0.4298119561E+08
    0.1434319950E+08    0.4321677512E+08
    0.1442193067E+08    0.4345348418E+08
    0.1450103954E+08    0.4369132744E+08
    0.1458052768E+08    0.4393030955E+08
    0.1466039665E+08    0.4417043520E+08
    0.1474064799E+08    0.4441170905E+08
    0.1482128329E+08    0.4465413582E+08
    0.1490230411E+08    0.4489772024E+08
    0.1498371203E+08    0.4514246702E+08
    0.1506550864E+08    0.4538838094E+08
    0.1514769552E+08    0.4563546675E+08
    0.1523027428E+08    0.4588372925E+08
    0.1531324650E+08    0.4613317323E+08
    0.1539661380E+08    0.4638380351E+08
    0.1548037778E+08    0.4663562492E+08
    0.1556454007E+08    0.4688864232E+08
    0.1564910228E+08    0.4714286057E+08
    0.1573406604E+08    0.4739828456E+08
    0.1581943299E+08    0.4765491918E+08
    0.1590520476E+08    0.4791276936E+08
    0.1599138300E+08    0.4817184002E+08
    0.1607796935E+08    0.4843213611E+08
    0.1616496547E+08    0.4869366261E+08
    0.1625237303E+08    0.4895642449E+08
    0.1634019368E+08    0.4922042676E+08
    0.1642842910E+08    0.4948567442E+08
    0.1651708097E+08    0.4975217252E+08
    0.1660615097E+08    0.5001992611E+08
