2.392335538634375284e-09    1.852807539126044727e-05    1.991000000000000094e-08
2.458275020225221489e-09    1.884109316558750332e-05    2.024626916097063545e-08
2.526031978989430905e-09    1.916273858826683416e-05    2.059180684376500917e-08
2.595656509698673895e-09    1.949324946150061822e-05    2.094686851485679411e-08
2.667200087877149980e-09    1.983287014198728158e-05    2.131171668209282009e-08
2.740715607858975033e-09    2.018185172158165874e-05    2.168662108877291004e-08
2.816257421894527364e-09    2.054045221293462968e-05    2.207185891307909900e-08
2.893881380334793375e-09    2.090893674025007940e-05    2.246771497300226565e-08
2.973644872923130204e-09    2.128757773529879800e-05    2.287448193691621375e-08
3.055606871225324017e-09    2.167665513883593599e-05    2.329246053995670532e-08
3.139827972229019475e-09    2.207645660756952391e-05    2.372195980636386046e-08
3.226370443144868922e-09    2.248727772683359617e-05    2.416329727795294323e-08
3.315298267442644024e-09    2.290942222912374182e-05    2.461679924888304250e-08
3.406677192156115088e-09    2.334320221865556429e-05    2.508280100689601925e-08
3.500574776491781266e-09    2.378893840211258377e-05    2.556164708120467560e-08
3.597060441777537394e-09    2.424696032575485551e-05    2.605369149721415711e-08
3.696205522787847953e-09    2.471760661906196625e-05    2.655929803826302809e-08
3.798083320483809754e-09    2.520122524509253433e-05    2.707884051457988970e-08
3.902769156206729351e-09    2.569817375774365709e-05    2.761270303965233050e-08
4.010340427365421975e-09    2.620881956610108464e-05    2.816128031421344267e-08
4.120876664658555842e-09    2.673354020607633322e-05    2.872497791805651107e-08
4.234459590874062221e-09    2.727272361953023502e-05    2.930421260989220050e-08
4.351173181309210684e-09    2.782676844108980698e-05    2.989941263547061417e-08
4.471103725856193503e-09    2.839608429287140303e-05    3.051101804419686247e-08
4.594339892798810895e-09    2.898109208732655323e-05    3.113948101447269899e-08
4.720972794367556135e-09    2.958222433843496355e-05    3.178526618800538999e-08
4.851096054101778461e-09    3.019992548147584522e-05    3.244885101333205084e-08
4.984805876068251859e-09    3.083465220161165634e-05    3.313072609881106457e-08
5.122201115987889043e-09    3.148687377152991891e-05    3.383139557534438700e-08
5.263383354322712197e-09    3.215707239839044155e-05    3.455137746909647513e-08
5.408456971377301319e-09    3.284574358033538158e-05    3.529120408448642154e-08
5.557529224470441556e-09    3.355339647282663086e-05    3.605142239773734868e-08
5.710710327233643791e-09    3.428055426507956992e-05    3.683259446127220554e-08
5.868113531095352695e-09    3.502775456687237958e-05    3.763529781925577020e-08
6.029855209011316574e-09    3.579554980601796577e-05    3.846012593459139658e-08
6.196054941502451165e-09    3.658450763678972810e-05    3.930768862768508030e-08
6.366835605064508997e-09    3.730207958038803839e-05    4.007865560540363394e-08
6.542323463014322576e-09    3.794934167327423290e-05    4.077418235863669146e-08
6.722648258840015103e-09    3.861444412599658577e-05    4.148887978120097050e-08
6.907943312124454266e-09    3.929787866894167658e-05    4.222327627054628945e-08
7.098345617112376927e-09    4.000015058596559565e-05    4.297791478823913488e-08
7.293995943994294238e-09    4.072177908796528251e-05    4.375335326139026947e-08
7.495038942982332318e-09    4.146329769674748120e-05    4.455016499514780638e-08
7.701623251254427595e-09    4.222525463947728600e-05    4.536893909655873634e-08
7.913901602846201756e-09    4.300821325399872792e-05    4.621028091011324921e-08
8.132030941572075510e-09    4.381275240532831513e-05    4.707481246529507934e-08
8.356172537058332584e-09    4.463946691362651368e-05    4.796317293646578873e-08
8.586492103974860549e-09    4.548896799396716384e-05    4.887601911542655266e-08
8.823159924552939420e-09    4.636188370822694183e-05    4.981402589700394377e-08
9.066350974479932241e-09    4.725885942943012255e-05    5.077788677801961094e-08
9.316245052264325899e-09    4.818055831889316211e-05    5.176831437001435045e-08
9.573026912166117257e-09    4.912766181651961590e-05    5.278604092610300288e-08
9.836886400791104810e-09    5.010087014460878983e-05    5.383181888235087614e-08
1.010801859745049160e-08    5.110090282555229614e-05    5.490642141407350613e-08
1.038662395838871557e-08    5.212849921379790366e-05    5.601064300746775987e-08
1.067290846498690841e-08    5.318441904247704605e-05    5.714530004699987584e-08
1.096708377605114276e-08    5.426944298509839683e-05    5.831123141898315595e-08
1.126936738429827515e-08    5.538437323272374965e-05    5.950929913179225812e-08
1.157998277715476994e-08    5.653003408705167885e-05    6.074038895317164606e-08
1.189915960198781506e-08    5.770727256984907818e-05    6.200541106511088036e-08
1.222713383589051531e-08    5.891695904917984393e-05    6.330530073676942725e-08
1.256414796014701884e-08    6.015998788289467333e-05    6.464101901594999340e-08
1.291045113950611561e-08    6.143727807985641153e-05    6.601355343962961232e-08
1.326629940639635999e-08    6.274977397939136554e-05    6.742391876407594572e-08
1.363195585021867601e-08    6.409844594946827959e-05    6.887315771508767149e-08
1.400769081185616614e-08    6.548429110412021844e-05    7.036234175891256067e-08
1.439378208354541198e-08    6.690833404064143778e-05    7.189257189441538751e-08
1.479051511425666880e-08    6.837162759710326042e-05    7.346497946707962261e-08
1.519818322073490035e-08    6.987525363074890809e-05    7.508072700544526854e-08
1.561708780435785714e-08    7.142032381784386747e-05    7.674100908060197937e-08
1.604753857397104910e-08    7.300798047557106798e-05    7.844705318937078011e-08
1.648985377486498267e-08    7.445034819853972423e-05    7.999582138345067335e-08
1.694436042406362217e-08    7.576449000117631402e-05    8.140574574557746762e-08
1.741139455209780157e-08    7.711485324006353071e-05    8.285453158011044815e-08
1.789130145144289631e-08    7.850243627964073882e-05    8.434325001829475680e-08
1.838443593180392925e-08    7.992826500207309893e-05    8.587300171475870169e-08
1.889116258243729703e-08    8.139339356571774703e-05    8.744491766126151238e-08
1.941185604170240899e-08    8.289890518449427278e-05    8.906016002286911150e-08
1.994690127404333692e-08    8.444591292873813515e-05    9.071992299717836748e-08
2.049669385460459421e-08    8.603556054812693009e-05    9.242543369722336947e-08
2.106164026169200496e-08    8.766902331728973962e-05    9.417795305871773960e-08
2.164215817729415057e-08    8.934750890472243669e-05    9.597877677230179468e-08
2.223867679588746415e-08    9.107225826565401887e-05    9.782923624148629194e-08
2.285163714175281844e-08    9.284454655952275931e-05    9.973069956699976678e-08
2.348149239503788421e-08    9.466568409273938111e-05    1.016845725582660578e-07
2.412870822680710401e-08    9.653701728743689084e-05    1.036922997727622520e-07
2.479376314332637297e-08    9.845992967692097756e-05    1.057553655840237216e-07
2.547714883983716211e-08    1.004358429285580589e-04    1.078752952790862284e-07
2.617937056408190673e-08    1.024662178948575165e-04    1.100536561861774814e-07
2.690094748984866279e-08    1.045525556935234071e-04    1.122920588334894290e-07
2.764241310081214706e-08    1.066963988172765765e-04    1.145921581398908947e-07
2.840431558495455622e-08    1.088993322742668189e-04    1.169556546384598926e-07
2.918721823985721670e-08    1.111629847599163970e-04    1.193842957337381251e-07
2.999169988916375211e-08    1.134890298610645323e-04    1.218798769936406692e-07
3.081835531052188382e-08    1.158791872933007209e-04    1.244442434769737889e-07
3.166779567532051599e-08    1.183352241724023592e-04    1.270792910975423482e-07
3.254064900054747177e-08    1.208589563208175937e-04    1.297869680258572548e-07
3.343756061310111180e-08    1.234522496101569488e-04    1.325692761294756525e-07
3.435919362690025001e-08    1.261170213406890347e-04    1.354282724530428452e-07
3.530622943314454048e-08    1.288552416588594667e-04    1.383660707391283337e-07
3.627936820408724339e-08    1.316689350138785380e-04    1.413848429909784950e-07
3.727932941069394476e-08    1.345601816544584695e-04    1.444868210783448843e-07
3.830685235456951305e-08    1.375311191668048775e-04    1.476742983875739789e-07
3.936269671454565419e-08    1.405839440549977015e-04    1.509496315171756561e-07
4.044764310833482042e-08    1.437209133649340999e-04    1.543152420201287521e-07
4.156249366966445343e-08    1.469443463530307093e-04    1.577736181942084664e-07
4.270807264131862549e-08    1.503320612654811424e-04    1.614143469167191450e-07
4.388522698452605979e-08    1.538209902043582479e-04    1.651644683636718616e-07
4.509482700514370907e-08    1.574060838165521319e-04    1.690179536825068558e-07
4.633776699710046354e-08    1.610899926703475622e-04    1.729776518716260527e-07
4.761496590357602149e-08    1.648754403911308530e-04    1.770464904558239381e-07
4.892736799640289276e-08    1.687652256750472543e-04    1.812274776506937759e-07
5.027594357419548692e-08    1.727622243581624977e-04    1.855237045866933466e-07
5.166168967972119579e-08    1.768693915426554114e-04    1.899383475945112280e-07
5.308563083704419628e-08    1.810897637816141542e-04    1.944746705534238985e-07
5.454881980898755534e-08    1.854189720073947311e-04    1.991279512038178479e-07
5.605233837547201027e-08    1.888794950610384472e-04    2.028440689554239633e-07
5.759729813330896871e-08    1.924353998420798523e-04    2.066626133416361294e-07
5.918484131803801092e-08    1.960893153386176167e-04    2.105864075279674130e-07
6.081614164841556837e-08    1.998439430010399433e-04    2.146183524942949201e-07
6.249240519418102077e-08    2.037020587392893883e-04    2.187614291796426422e-07
6.421487126774107111e-08    2.076665149751780745e-04    2.230187006860812723e-07
6.598481334043007368e-08    2.117402427512677114e-04    2.273933145433702105e-07
6.780353998402653536e-08    2.159262538978794113e-04    2.318885050360229584e-07
6.967239583821970870e-08    2.202276432598307139e-04    2.365075955945112524e-07
7.159276260474233068e-08    2.246475909845477227e-04    2.412540012523777295e-07
7.356606006890504935e-08    2.291893648732457435e-04    2.461312311710747279e-07
7.559374714928594769e-08    2.338563227969117371e-04    2.511428912343917142e-07
7.767732297635358807e-08    2.386519151788810719e-04    2.562926867143955054e-07
7.981832800082003951e-08    2.435796875458409326e-04    2.615844250108509700e-07
8.201834513254187040e-08    2.486432831491435067e-04    2.670220184661450805e-07
8.427900091081388942e-08    2.538464456583735488e-04    2.726094872578012496e-07
8.660196670691882764e-08    2.591930219291562008e-04    2.783509623707184185e-07
8.898895995982250502e-08    2.646869648472535588e-04    2.842506886513323658e-07
9.144174544592922410e-08    2.703323362510543708e-04    2.903130279459613454e-07
9.396213658383333571e-08    2.761333099346119043e-04    2.965424623256484516e-07
9.655199677503502959e-08    2.820941747334572360e-04    3.029435973998936876e-07
9.921324078161012102e-08    2.882193376954667909e-04    3.095211657217221244e-07
1.019478361418504716e-07    2.944212558301103027e-04    3.161809418268874218e-07
1.047578046249251800e-07    2.999483980169120943e-04    3.221141079869655291e-07
1.076452237256364205e-07    3.056278837544374079e-04    3.282108088579864778e-07
1.106122282003730466e-07    3.114639120584994673e-04    3.344755519155475590e-07
1.136610116454014142e-07    3.174607976815725825e-04    3.409129688739240396e-07
1.167938281186573829e-07    3.236229743028184091e-04    3.475278191104358566e-07
1.200129938062393162e-07    3.299549978060392695e-04    3.543249931841985566e-07
1.233208887348356648e-07    3.364615496479826488e-04    3.613095164518640081e-07
1.267199585313492130e-07    3.431474403194810442e-04    3.684865527830154401e-07
1.302127162310239266e-07    3.500176129019952624e-04    3.758614083779745337e-07
1.338017441354087719e-07    3.570771467221854232e-04    3.834395356908373769e-07
1.374896957215299029e-07    3.643312611072080853e-04    3.912265374606356556e-07
1.412792976036875774e-07    3.717853192435250265e-04    3.992281708536136400e-07
1.451733515493245320e-07    3.794448321420687336e-04    4.074503517196747823e-07
1.491747365504571516e-07    3.873154627126992118e-04    4.158991589661484128e-07
1.532864109522026146e-07    3.954030299509670625e-04    4.245808390521122002e-07
1.575114146399713556e-07    4.037135132402698253e-04    4.335018106065850281e-07
1.618528712869470970e-07    4.122530567725922815e-04    4.426686691740153704e-07
1.663139906635142393e-07    4.210279740910964456e-04    4.520881920905694476e-07
1.708980710103362824e-07    4.300447527579109950e-04    4.617673434948168832e-07
1.756085014768463140e-07    4.393100591505847601e-04    4.717132794765320173e-07
1.804487646269474974e-07    4.488307433907414313e-04    4.819333533674069614e-07
1.854224390137777406e-07    4.586138444085808945e-04    4.924351211775919626e-07
1.905332018254438153e-07    4.683575888035464759e-04    5.028928393402910929e-07
1.957848316036757211e-07    4.775914245931965683e-04    5.127986018800499673e-07
2.011812110374180819e-07    4.870797708121865567e-04    5.229773950361599046e-07
2.067263298334208863e-07    4.968296424822399998e-04    5.334367442986759257e-07
2.124242876659481349e-07    5.068482479787646483e-04    5.441843825812771082e-07
2.182792972077923862e-07    5.171429943602254015e-04    5.552282559384462243e-07
2.242956872448326119e-07    5.277214928444083891e-04    5.665765294402306477e-07
2.304779058764341561e-07    5.385915644356207947e-04    5.782375932089213369e-07
2.368305238040649528e-07    5.497612457069991909e-04    5.902200686221275239e-07
2.433582377105532686e-07    5.612387947421907134e-04    6.025328146868215091e-07
2.500658737324868023e-07    5.730326972408030829e-04    6.151849345890695245e-07
2.569583910283240201e-07    5.851516727921435117e-04    6.281857824242972935e-07
2.640408854448467301e-07    5.969180456539363534e-04    6.408202266589995370e-07
2.713185932846758110e-07    6.089251982703404280e-04    6.537147410266699848e-07
2.787968951776297917e-07    6.212633017112104226e-04    6.669646643990729714e-07
2.864813200587841186e-07    6.339414779100889519e-04    6.805797928458417643e-07
2.943775492561820667e-07    6.469691002266078888e-04    6.945701924437812738e-07
3.024914206912149039e-07    6.603558003765013515e-04    7.089462067190285941e-07
3.108289331947674759e-07    6.741114755526133717e-04    7.237184642943223612e-07
3.193962509423439172e-07    6.897267784733758121e-04    7.404634003724023230e-07
3.281997080114228616e-07    7.068176063920181881e-04    7.587750235266092447e-07
3.372458130644347337e-07    7.243795054939084887e-04    7.775913664069467046e-07
3.465412541608153734e-07    7.424254598229321255e-04    7.969263405055775428e-07
3.560929037016868084e-07    7.609688112996598275e-04    8.167942407544272838e-07
3.659078235108335695e-07    7.800232695854377634e-04    8.372097560938641997e-07
3.759932700557257391e-07    7.996029222183610903e-04    8.581879803326842752e-07
3.863566998124371206e-07    8.197222450286015174e-04    8.797444233074039451e-07
3.970057747784541446e-07    8.403961128408475416e-04    9.018950223491738121e-07
4.079483681374145316e-07    8.616398104716962471e-04    9.246561540667132622e-07
4.191925700799931982e-07    8.834690440301877067e-04    9.480446464540390177e-07
4.307466937852281134e-07    9.046040617368450616e-04    9.706960273516315047e-07
4.426192815666997846e-07    9.217023182591179992e-04    9.890463407630749789e-07
4.548191111881254321e-07    9.392718507178034800e-04    1.007902440312723587e-06
4.673552023530279104e-07    9.573256488003587883e-04    1.027278266886049648e-06
4.802368233732705130e-07    9.758770602264791802e-04    1.047188145618450720e-06
4.934734980214030611e-07    9.949398006164754827e-04    1.067646796486259254e-06
5.070750125718796643e-07    1.014527963631653516e-03    1.088669345189673891e-06
5.210514230363364933e-07    1.034656031394167982e-03    1.110271334335629788e-06
5.354130625983202955e-07    1.055338885194115556e-03    1.132468734928941710e-06
5.501705492529123273e-07    1.076591816491706283e-03    1.155277958180133266e-06
5.653347936569380179e-07    1.098430538222709956e-03    1.178715867638748709e-06
5.809170071955491880e-07    1.120871196415509138e-03    1.202799791661090720e-06
5.969287102711342055e-07    1.143930382128337904e-03    1.227547536221589284e-06
6.133817408207031029e-07    1.167625143715558811e-03    1.252977398077301575e-06
6.302882630680388877e-07    1.191972999432034221e-03    1.279108178295268041e-06
6.476607765170618127e-07    1.216991950384882937e-03    1.305959196152688354e-06
6.655121251931097087e-07    1.242700493842269823e-03    1.333550303420275792e-06
6.838555071389004771e-07    1.269117636908975591e-03    1.361901899039250917e-06
7.027044841722495752e-07    1.296262910578932417e-03    1.391034944202904437e-06
7.220729919127376143e-07    1.324156384175085785e-03    1.420970977853848275e-06
7.419753500847270091e-07    1.352818680187240288e-03    1.451732132608396338e-06
7.624262731043723643e-07    1.382270989518897273e-03    1.483341151119883471e-06
7.834408809584399569e-07    1.412535087154339654e-03    1.515821402893007653e-06
8.050347103829546487e-07    1.442563355241344158e-03    1.548034084549059691e-06
8.272237263500003483e-07    1.472384907007152953e-03    1.580010523984337057e-06
8.500243338710975559e-07    1.503028424434519868e-03    1.612868323833086358e-06
8.734533901259152508e-07    1.534516563203934536e-03    1.646631776861852323e-06
8.975282169253162131e-07    1.566872603450040341e-03    1.681325845414020331e-06
9.222666135178776991e-07    1.600120466973318535e-03    1.716976179865207650e-06
9.476868697494214617e-07    1.634284734926208602e-03    1.753609137587370799e-06
9.738077795852568321e-07    1.669390665986706084e-03    1.791251802435619067e-06
1.000648655005117133e-06    1.705464215032854221e-03    1.829932004772111287e-06
1.028229340281096226e-06    1.742532052331977055e-03    1.869678342041893897e-06
1.056570226649129168e-06    1.780621583258828848e-03    1.910520199915870751e-06
1.085692267384826173e-06    1.819760968557185103e-03    1.952487774016484380e-06
1.115616993294895240e-06    1.859979145159974638e-03    1.995612092242300795e-06
1.146366528635494587e-06    1.901305847583197907e-03    2.039925037707836449e-06
1.177963607469374205e-06    1.943771629909566735e-03    2.085459372315724529e-06
1.210431590473864659e-06    1.987407888378072557e-03    2.132248760978593628e-06
1.243794482212118598e-06    2.032246884596158615e-03    2.180327796508533318e-06
1.278076948880418235e-06    2.078321769391711094e-03    2.229732025192620833e-06
1.313304336544652607e-06    2.125666607322487019e-03    2.280497973073382459e-06
1.349502689879401750e-06    2.174316401861031353e-03    2.332663172953559142e-06
1.386698771423591103e-06    2.224307121273856862e-03    2.386266192145300558e-06
1.424920081366818424e-06    2.275675725213833003e-03    2.441346660984103724e-06
1.464194877881085200e-06    2.328460192045587844e-03    2.497945302128734240e-06
1.504552198012930582e-06    2.374154313086268564e-03    2.546924581724734346e-06
1.546021879151379991e-06    2.419488732337310172e-03    2.595514549230753920e-06
1.588634581087639640e-06    2.466072695415023885e-03    2.645443792610124762e-06
1.632421808682818189e-06    2.513940643254152733e-03    2.696749226064632851e-06
1.677415935160406566e-06    2.563127966078252665e-03    2.749468781255056272e-06
1.723650226040790332e-06    2.613671029564761800e-03    2.803641435345197896e-06
1.771158863735472187e-06    2.665607201731266633e-03    2.859307239818903395e-06
1.819976972819123473e-06    2.718974880562763201e-03    2.916507350091287841e-06
1.870140645998298050e-06    2.773813522400509109e-03    2.975284055936241600e-06
1.921686970795822306e-06    2.830163671113244094e-03    3.035680812752492917e-06
1.974654056970737569e-06    2.888066988072518666e-03    3.097742273691516782e-06
2.029081064694014014e-06    2.947566282954219505e-03    3.161514322670979055e-06
2.085008233500823956e-06    3.008705545389033387e-03    3.227044108298073537e-06
2.142476912040862907e-06    3.071529977485327415e-03    3.294380078727933452e-06
2.201529588648675389e-06    3.136086027248454963e-03    3.363572017482839591e-06
2.262209922756518914e-06    3.202421422921119133e-03    3.434671080258627148e-06
2.324562777173167965e-06    3.270585208270379574e-03    3.507729832745717752e-06
2.388634251252295259e-06    3.340627778847135750e-03    3.582802289492462381e-06
2.454471714975140809e-06    3.412600919245107993e-03    3.659943953839761998e-06
2.522123843972587105e-06    3.486557841386768788e-03    3.739211858956378283e-06
2.591640655512497793e-06    3.562553223864498540e-03    3.820664610005253148e-06
2.663073545479013680e-06    3.640643252366142137e-03    3.904362427472094255e-06
2.736475326371101693e-06    3.719376656098262891e-03    3.988736874871141369e-06
2.811900266348404171e-06    3.793682838308945308e-03    4.068309211824894188e-06
2.889404129353347703e-06    3.870037107443400747e-03    4.150074785706725954e-06
2.969044216339137761e-06    3.948495914525269532e-03    4.234094048281764079e-06
3.050879407634025581e-06    4.029117266526794153e-03    4.320429117535399172e-06
3.134970206473400123e-06    4.111960769255212055e-03    4.409143823599076862e-06
3.221378783731597593e-06    4.197087671421068436e-03    4.500303755941784693e-06
3.310169023886733014e-06    4.284560909921267431e-03    4.593976311862348698e-06
3.401406572252452950e-06    4.374445156370244253e-03    4.690230746318327625e-06
3.495158883511462676e-06    4.466806864913611466e-03    4.789138223128252516e-06
3.591495271586834740e-06    4.557726012778488128e-03    4.886597769066014991e-06
3.690486960887923666e-06    4.648395575327823187e-03    4.983859636826973041e-06
3.792207138968644580e-06    4.741564245487268729e-03    5.083802314631131936e-06
3.896731010637355809e-06    4.837300905676384689e-03    5.186499693127062426e-06
4.004135853557967554e-06    4.935676336907507053e-03    5.292027699596955898e-06
4.114501075383685529e-06    5.036763271116317421e-03    5.400464354091988073e-06
4.227908272465526069e-06    5.140636444934795247e-03    5.511889827114939995e-06
4.344441290178913612e-06    5.247372654946219801e-03    5.626386498892620234e-06
4.464186284913135584e-06    5.357050814463242862e-03    5.744039020282093379e-06
4.587231787769391472e-06    5.469752011870901431e-03    5.864934375355643965e-06
4.713668770014471002e-06    5.585559570577684416e-03    5.989161945710685734e-06
4.843590710338586238e-06    5.707494187940507363e-03    6.119870955996108460e-06
4.977093663967042005e-06    5.840523643041963670e-03    6.262238919037574580e-06
5.114276333676664882e-06    5.977219763276297830e-03    6.408530942699487790e-06
5.255240142769891353e-06    6.117683612225183372e-03    6.558855185105546618e-06
5.400089310059980681e-06    6.262019039066204877e-03    6.713322785520846192e-06
5.548930926923176222e-06    6.410332755351731172e-03    6.872047946520541223e-06
5.701875036474640061e-06    6.562734413904039270e-03    7.035148018423307367e-06
5.859034714926590169e-06    6.719336689884895970e-03    7.202743586051909580e-06
6.020526155189007257e-06    6.880255364099753003e-03    7.374958557885255333e-06
6.186468752774615145e-06    7.045609408598049045e-03    7.551920257667731916e-06
6.356985194071468986e-06    7.215521074632715720e-03    7.733759518543370233e-06
6.532201547048889585e-06    7.390115983044408081e-03    7.920610779784925372e-06
6.712247354463193527e-06    7.538504163389032897e-03    8.079334823244178096e-06
6.897255729632624173e-06    7.689343497927767120e-03    8.240675592253497600e-06
7.087363454852104868e-06    7.844340387860549227e-03    8.406463365663400321e-06
7.282711082520447460e-06    8.003609427082303621e-03    8.576820715395774088e-06
7.483443039055036131e-06    8.167268368017311167e-03    8.751873591798675446e-06
7.689707731670718409e-06    8.335438208677188945e-03    8.931751416765294822e-06
7.901657658101577479e-06    8.508243282118247569e-03    9.116587179419319704e-06
8.119449519347336327e-06    8.685811348364854204e-03    9.306517534438016022e-06
8.343244335527055669e-06    8.868273688866210036e-03    9.501682903085076348e-06
8.573207564926080016e-06    9.055765203556614615e-03    9.702227577028226126e-06
8.809509226324585044e-06    9.248424510591258391e-03    9.908299825018620501e-06
9.052324024697416048e-06    9.436583454646775213e-03    1.010995392466551370e-05
9.301831480378838326e-06    9.624546763211944481e-03    1.031162664749890439e-05
9.558216061787416174e-06    9.817690868084642808e-03    1.051885803657285179e-05
9.821667321808986621e-06    1.001615856655111401e-02    1.073180130432945512e-05
1.009238003793890260e-05    1.022009659179158245e-02    1.095061388617571571e-05
1.037055435628702081e-05    1.042965572136458387e-02    1.117545755688036175e-05
1.065639593955155221e-05    1.064499088868122237e-02    1.140649855017865450e-05
1.095011611907201825e-05    1.086626129755234767e-02    1.164390768167426177e-05
1.125193205107267724e-05    1.109363053989258045e-02    1.188786047512821285e-05
1.156206687721277789e-05    1.132726671666883095e-02    1.213853729222899968e-05
1.188074988956202462e-05    1.156734256218249109e-02    1.239612346593950151e-05
1.220821670012300388e-05    1.180839059400917365e-02    1.265442702865190337e-05
1.254470941502634219e-05    1.204497599965628427e-02    1.290729266824801818e-05
1.289047681352720446e-05    1.228808236306558332e-02    1.316712799454481774e-05
1.324577453193505442e-05    1.253788942013414447e-02    1.343412511166828610e-05
1.361086525261367298e-05    1.279458186078493050e-02    1.370848141867340078e-05
1.398601889818990749e-05    1.305834946551343544e-02    1.399039975548702021e-05
1.437151283111574538e-05    1.332938724569824110e-02    1.428008855287365927e-05
1.476763205873086058e-05    1.360789558777887945e-02    1.457776198653473652e-05
1.517466944397699741e-05    1.389408040140748674e-02    1.488364013545502070e-05
1.559292592192050515e-05    1.418815327168410426e-02    1.519794914461376195e-05
1.602271072224283128e-05    1.452114724730839239e-02    1.555396710199137970e-05
1.646434159786321644e-05    1.486563981254252452e-02    1.592228617391480038e-05
1.691814505986312481e-05    1.521962755970098641e-02    1.630075715315655770e-05
1.738445661888593985e-05    1.558337220264615144e-02    1.668965985477400337e-05
1.786362103318973275e-05    1.595714266880874158e-02    1.708928180631256731e-05
1.835599256353800262e-05    1.634121529801442832e-02    1.749991846038399348e-05
1.886193523511497266e-05    1.673587404678991003e-02    1.792187341310307237e-05
1.938182310666060549e-05    1.714141069830069780e-02    1.835545862854558505e-05
1.991604054702363836e-05    1.755812507807532480e-02    1.880099466939285060e-05
2.046498251933691874e-05    1.798632527567527173e-02    1.925881093393326928e-05
2.102905487302569735e-05    1.842632787247498738e-02    1.972924589959652939e-05
2.160867464386458423e-05    1.882427665527424895e-02    2.015510780509012747e-05
2.220427036230425340e-05    1.919994255614402082e-02    2.055739534218438058e-05
2.281628237029758785e-05    1.958596286355700211e-02    2.097077105283043412e-05
2.344516314685734848e-05    1.998262297401737567e-02    2.139554055821057358e-05
2.409137764258777084e-05    2.039021615035795792e-02    2.183201790328458505e-05
2.475540362343678978e-05    2.080904373855837694e-02    2.228052578897282614e-05
2.543773202392257834e-05    2.123941539053909866e-02    2.274139581073859358e-05
2.613886731009644227e-05    2.168164929309656166e-02    2.321496870374676642e-05
2.685932785251002086e-05    2.213607240314841712e-02    2.370159459477977332e-05
2.759964630946201174e-05    2.260302068946246773e-02    2.420163326109667858e-05
2.836037002080880599e-05    2.308283938104871424e-02    2.471545439642759250e-05
2.914206141262928813e-05    2.356503879172601457e-02    2.523132535349961064e-05
2.994529841304371823e-05    2.403774951956769504e-02    2.573597198092515920e-05
3.077067487949314940e-05    2.452348948174249213e-02    2.625452808570521683e-05
3.161880103779643865e-05    2.502261780051548423e-02    2.678737705207294366e-05
3.249030393330855652e-05    2.553550349656921042e-02    2.733491283140691153e-05
3.338582789451447885e-05    2.606252576183201719e-02    2.789754023349143652e-05
3.430603500940034007e-05    2.660407423982587630e-02    2.847567522580447651e-05
3.525160561495542012e-05    2.716054931374181983e-02    2.906974524105515180e-05
3.622323880016572626e-05    2.773236240245525661e-02    2.968018949319759577e-05
3.722165292287193218e-05    2.832680058825506886e-02    3.031491244520938676e-05
3.824758614087270361e-05    2.900757130802638153e-02    3.104307842249117832e-05
3.930179695766732837e-05    2.970710597943365672e-02    3.179131469772182822e-05
4.038506478324024868e-05    3.042592178964541663e-02    3.256017446464052896e-05
4.149819051030272522e-05    3.116455018096018006e-02    3.335022616455862932e-05
4.264199710641664666e-05    3.192353724371757573e-02    3.416205390662519219e-05
4.381733022243963413e-05    3.270344412003964307e-02    3.499625789967680865e-05
4.502505881774023253e-05    3.350484741870012745e-02    3.585345489599003438e-05
4.626607580264617011e-05    3.432833964142899957e-02    3.673427864726528660e-05
4.754129869859955040e-05    3.517452962096662139e-02    3.763938037317831806e-05
4.885167031650841933e-05    3.604404297119236100e-02    3.856942924284676821e-05
5.019815945379579858e-05    3.693752254966009563e-02    3.952511286956743709e-05
5.158176161066032060e-05    3.770984654500691979e-02    4.035012130117670231e-05
5.300349972608010395e-05    3.846396405273071889e-02    4.115533193806190465e-05
5.446442493410228163e-05    3.923886715541589215e-02    4.198273643994223026e-05
5.596561734097869466e-05    4.003512876239494894e-02    4.283294653202468098e-05
5.750818682372050780e-05    4.085333757398931787e-02    4.370659080037959081e-05
5.909327385066430455e-05    4.169409851675355549e-02    4.460431515667360075e-05
6.072205032465465300e-05    4.255803319071570917e-02    4.552678331571156760e-05
6.239572044946786668e-05    4.344578032894535341e-02    4.647467728614133073e-05
6.411552162011560955e-05    4.435799626978789018e-02    4.744869787468291179e-05
6.588272533768892256e-05    4.529535544211557574e-02    4.844956520425644075e-05
6.769863814941731652e-05    4.625855086395316840e-02    4.947801924639069835e-05
6.956460261463919231e-05    4.706818545930688269e-02    5.034248996846015954e-05
7.148199829739585516e-05    4.770529842016225930e-02    5.102272991310512337e-05
7.345224278638546559e-05    4.835997200229134874e-02    5.172171917973393546e-05
7.547679274302907871e-05    4.903269022570070496e-02    5.243997455228083823e-05
7.755714497842514208e-05    4.972395045134683084e-02    5.317802705869582430e-05
7.969483755998630476e-05    5.043426374884988489e-02    5.393642236354937445e-05
8.189145094857991575e-05    5.116415527434313437e-02    5.471572117145897678e-05
8.414860916701025933e-05    5.191416465873669589e-02    5.551649964163499283e-05
8.646798100070846602e-05    5.268484640668322228e-02    5.633934981385277461e-05
8.885128123151511995e-05    5.347677030653964769e-02    5.718488004616528167e-05
9.130027190547090020e-05    5.606760922251925738e-02    5.995674457078697690e-05
9.381676363555115300e-05    6.147444935675406424e-02    6.574324242972998805e-05
9.640261694030578408e-05    6.287621293672837619e-02    6.723720619922126523e-05
9.905974361939772215e-05    6.431661305504930704e-02    6.877234780304427057e-05
1.017901081670538859e-04    6.579671464314794382e-02    7.034980221787960912e-05
1.045957292244761297e-04    6.731761198495470055e-02    7.197073570355092703e-05
1.074786810722825589e-04    6.888042952593587120e-02    7.363634666527538164e-05
1.104410951640868787e-04    7.048632270443078163e-02    7.534786653968140893e-05
1.134851617023460680e-04    7.213647880590193240e-02    7.710656070524680311e-05
1.166131312576444186e-04    7.383211784073176465e-02    7.891372941783195659e-05
1.198273164326070896e-04    7.557449344621242071e-02    8.077070877199754183e-05
1.231300935716782058e-04    7.736489381339835270e-02    8.267887168882027038e-05
1.265239045180237352e-04    7.920464263950460770e-02    8.463962893093468975e-05
1.300112584188612601e-04    8.082294976616144488e-02    8.636718180641421081e-05
1.335947335805468211e-04    8.245325855608666432e-02    8.810793873477058293e-05
1.372769793747959208e-04    8.412850323176225553e-02    8.989667580954780336e-05
1.410607181974438801e-04    8.584992235231300728e-02    9.173471549823852399e-05
1.449487474811965090e-04    8.761878861502962745e-02    9.362341671925139921e-05
1.489439417638552276e-04    8.943640979631158061e-02    9.556417584659991746e-05
1.530492548135506219e-04    9.130412971854622028e-02    9.755842774228423644e-05
1.572677218125537895e-04    9.322332924363777029e-02    9.960764681712873099e-05
1.616024616012765730e-04    9.519542729391956837e-02    1.017133481208575734e-04
1.660566789841259601e-04    9.744928175892610123e-02    1.041191148884108343e-04
1.706336670989124372e-04    9.979395382089542577e-02    1.066217320739105875e-04
1.753368098515678086e-04    1.022032516252702333e-01    1.091933284126970171e-04
1.801695844179673506e-04    1.046789564388846683e-01    1.118358051638261444e-04
1.851355638147126454e-04    1.072228986252862643e-01    1.145511159903897053e-04
1.902384195407700890e-04    1.098369589979786010e-01    1.173412684039169850e-04
1.954819242919229546e-04    1.125230702109645819e-01    1.202083252485898051e-04
2.008699547500373075e-04    1.152832181876149303e-01    1.231544062263644434e-04
2.064064944492117874e-04    1.180868779862482287e-01    1.261460692891578749e-04
2.120956367209242573e-04    1.208271253633785569e-01    1.290663055363198508e-04
2.179415877203574675e-04    1.236429016487916727e-01    1.320670316901656905e-04
2.239486695361343706e-04    1.265362886311733048e-01    1.351504662784202041e-04
2.301213233857707862e-04    1.295094254791481492e-01    1.383188889776588873e-04
2.364641128992012772e-04    1.325645103228316191e-01    1.415746422987413441e-04
2.429817274928106725e-04    1.357038018789748501e-01    1.449201333187015255e-04
2.496789858364589386e-04    1.389296211209011533e-01    1.483578354603712162e-04
2.565608394160716148e-04    1.422443529944727170e-01    1.518902903210574346e-04
2.636323761944221571e-04    1.456504481813527818e-01    1.555201095516217365e-04
2.708988243728192966e-04    1.491504249108699942e-01    1.592499767873539155e-04
2.783655562564711508e-04    1.527468708218198690e-01    1.630826496320631988e-04
2.860380922263948845e-04    1.558697985332982150e-01    1.664050872186307586e-04
2.939221048208034135e-04    1.590090544781397330e-01    1.697440868965609847e-04
3.020234229289810667e-04    1.622348371272168965e-01    1.731751187765962732e-04
3.103480361007603518e-04    1.655495313993376738e-01    1.767007195245171827e-04
3.189020989747762681e-04    1.689555879483654044e-01    1.803234957237321114e-04
3.276919358287799376e-04    1.724555249750626684e-01    1.840461258024045376e-04
3.367240452553642315e-04    1.760519300888714611e-01    1.878713620136942132e-04
3.460051049665732259e-04    1.797474622210125661e-01    1.918020324705826507e-04
3.555419767309352976e-04    1.835448535903132228e-01    1.958410432367819229e-04
3.653417114465793672e-04    1.875691933638581332e-01    2.001238402329443054e-04
3.754115543541730539e-04    1.921048357690673114e-01    2.049583893561603891e-04
3.857589503935515522e-04    1.967654932083513775e-01    2.099261922214883558e-04
3.963915497079854638e-04    2.015546114469067562e-01    2.150309216760402909e-04
4.073172133001665683e-04    2.064757312248902965e-01    2.202763518009035566e-04
4.185440188440806702e-04    2.115324908751937683e-01    2.256663607014313875e-04
4.300802666570794491e-04    2.167286290133747517e-01    2.312049333744448359e-04
4.419344858365550151e-04    2.220679873017277761e-01    2.368961646544608319e-04
4.541154405657634482e-04    2.275545132895431255e-01    2.427442622411292894e-04
4.666321365934454580e-04    2.331922633316471927e-01    2.487535498101100867e-04
4.794938278920518951e-04    2.382931672812914625e-01    2.541706768884292736e-04
4.927100234994887494e-04    2.505698707110202150e-01    2.674145451104022360e-04
5.062904945494310898e-04    2.706480770804263192e-01    2.888905962068067778e-04
5.202452814954219330e-04    2.912796951673326529e-01    3.109585875444718017e-04
5.345847015340817517e-04    3.150890771838404381e-01    3.361684681750127255e-04
5.493193562329286165e-04    3.397639202086237264e-01    3.622763604014240081e-04
5.644601393684314274e-04    3.651188711576985879e-01    3.891038594100100804e-04
5.800182449801134137e-04    3.909968747488193341e-01    4.166009925554063436e-04
5.960051756466424504e-04    4.175379335463237362e-01    4.448360844156562088e-04
6.124327509900400054e-04    4.448105384123964834e-01    4.738494146500275665e-04
6.293131164142789840e-04    4.716843270099196350e-01    5.024468521526173842e-04
6.466587520847536744e-04    4.992115103656292741e-01    5.317402554327828367e-04
6.644824821552405229e-04    5.274974201503088711e-01    5.618410671199739565e-04
6.827974842491900788e-04    5.558705935091899919e-01    5.920236222590242623e-04
7.016172992023341068e-04    5.838355555123753149e-01    6.217523527083373015e-04
7.209558410738410106e-04    6.125713103526932990e-01    6.523004904032160545e-04
7.408274074333987599e-04    6.420991032439816726e-01    6.836906205070317514e-04
7.612466899318470412e-04    6.723152813313043596e-01    7.158154147946932389e-04
7.822287851631501464e-04    7.009663902532904389e-01    7.463312014386753448e-04
8.037892058257728326e-04    7.304072041471789678e-01    7.776880888058401893e-04
8.259438921916846706e-04    7.606594894983190747e-01    8.099092599926854081e-04
8.487092238914922685e-04    7.917456127374908892e-01    8.430185370869190589e-04
8.721020320243867566e-04    8.236885567770722005e-01    8.770403987798365639e-04
8.961396116018893656e-04    8.539970089722369595e-01    9.091443737432850945e-04
9.208397343345836030e-04    8.850201766386206481e-01    9.419962066713242176e-04
9.462206617712676715e-04    9.168984298731414073e-01    9.757535283143037568e-04
9.723011588002778999e-04    9.496553372338746302e-01    1.010441296482482605e-03
9.991005075229352980e-04    9.833151168944997966e-01    1.046085156893412959e-03
1.026638521509395203e-03    1.017420016434440244e+00    1.082226335517011461e-03
1.054935560447407350e-03    1.049780527223759030e+00    1.116665410007896967e-03
1.084012545194858092e-03    1.083032984510967633e+00    1.152053722045826012e-03
1.113890973247189413e-03    1.117201972844814595e+00    1.188417435281649472e-03
1.144592934631158106e-03    1.152312754393216343e+00    1.225783434509873648e-03
1.176141128236647118e-03    1.188391287620327974e+00    1.264179345545385098e-03
1.208558878598652801e-03    1.225464246478433106e+00    1.303633555648065108e-03
1.241870153141813203e-03    1.260473265819836985e+00    1.340854161932543811e-03
1.276099579900262949e-03    1.295357921457710448e+00    1.377928299312345577e-03
1.311272465725868940e-03    1.331204096109572355e+00    1.416024303967775531e-03
1.347414814998361670e-03    1.368038291937973439e+00    1.455170341428843953e-03
1.384553348851156902e-03    1.405887741579441519e+00    1.495395353546613484e-03
1.422715524927108685e-03    1.444780428278404028e+00    1.536729079890796585e-03
1.461929557678760642e-03    1.484745106576032203e+00    1.579202079737102807e-03
1.502224439228152250e-03    1.525811323569351341e+00    1.622845754660645319e-03
1.543629960801583181e-03    1.568009440756315875e+00    1.667692371752086278e-03
1.586176734755150508e-03    1.611370656482963737e+00    1.713775087473655987e-03
1.629896217207402057e-03    1.654336681816379162e+00    1.759452110121974147e-03
1.674820731295792410e-03    1.694226623913044349e+00    1.801898688282891963e-03
1.720983491074170191e-03    1.735216044765959476e+00    1.845515213265250341e-03
1.768418626068913625e-03    1.777335249095356895e+00    1.890333932086927940e-03
1.817161206511936754e-03    1.820615376904612281e+00    1.936387980584122065e-03
1.867247269269167124e-03    1.865088426502986785e+00    1.983711407909667830e-03
1.918713844483706330e-03    1.910787278162957570e+00    2.032339201706624254e-03
1.971598982953314851e-03    1.957745718429581894e+00    2.082307313975673840e-03
2.025941784262533674e-03    2.005998465099923855e+00    2.133652687655543823e-03
2.081782425690183094e-03    2.055581192890967746e+00    2.186413283936028233e-03
2.139162191913659451e-03    2.106530559815031012e+00    2.240628110323864344e-03
2.198123505531921623e-03    2.157832638116602642e+00    2.295198363456543537e-03
2.258709958429819687e-03    2.205182220129315862e+00    2.345460741097218482e-03
2.320966344006887474e-03    2.253836889510014263e+00    2.397108490928214104e-03
2.384938690294477904e-03    2.303832618129325382e+00    2.450179797695183591e-03
2.450674293985652136e-03    2.355206369343575190e+00    2.504713898622524474e-03
2.518221755403076637e-03    2.407996125322934056e+00    2.560751112422662325e-03
2.587631014430702685e-03    2.462240915132773988e+00    2.618332869104889309e-03
2.658953387435857626e-03    2.517980843589059159e+00    2.677501740605840643e-03
2.732241605208955270e-03    2.575257120909022479e+00    2.738301472264190271e-03
2.807549851948985212e-03    2.634112093179142189e+00    2.800777015162920353e-03
2.884933805323545812e-03    2.694589273662898243e+00    2.864974559363027418e-03
2.964450677632998743e-03    2.756733374971419348e+00    2.930941568053211082e-03
3.046159258109276680e-03    2.814410435903132335e+00    2.992229350211955251e-03
3.130119956380532278e-03    2.872439310385932032e+00    3.053904856249344511e-03
3.216394847133828821e-03    2.932067623508886278e+00    3.117280312326890096e-03
3.305047716008801054e-03    2.993339460289775378e+00    3.182402573838644111e-03
3.396144106756334054e-03    3.056300120853200575e+00    3.249319787644824875e-03
3.489751369697030071e-03    3.120996153922326766e+00    3.318081427668236397e-03
3.585938711515368645e-03    3.187475391233784983e+00    3.388738331471862191e-03
3.684777246426263701e-03    3.255786982901093918e+00    3.461342737844582372e-03
3.786340048751980769e-03    3.325981433752845717e+00    3.535948325422912705e-03
3.890702206948185807e-03    3.398110640672447946e+00    3.612610252377236337e-03
3.997940879119143975e-03    3.472227930967079601e+00    3.691385197191932206e-03
4.108135350062994823e-03    3.543628756467973151e+00    3.767188495401805823e-03
4.221367089889438949e-03    3.613343812201292415e+00    3.841132907241092721e-03
4.337719814253037688e-03    3.684980410527563421e+00    3.917115434597399394e-03
4.457279546246770661e-03    3.758591514553514923e+00    3.995192253654407215e-03
4.580134680001456647e-03    3.834231547197719525e+00    4.075421088969057894e-03
4.706376046038252166e-03    3.911956431427134007e+00    4.157861256149099870e-03
4.836096978422380240e-03    3.991823631602624101e+00    4.242573705706888243e-03
4.969393383767880222e-03    4.073892195964137208e+00    4.329621068121983392e-03
5.106363812144206968e-03    4.158222800286814902e+00    4.419067700145713588e-03
5.247109529937309981e-03    4.244877792740447298e+00    4.510979732382091635e-03
5.391734594718976779e-03    4.333921239985388141e+00    4.605425118180196328e-03
5.540345932179680140e-03    4.420226337714856513e+00    4.697013600350155756e-03
5.693053415182022445e-03    4.504377671448454912e+00    4.786360493219268299e-03
5.849969944993049092e-03    4.590848452112448186e+00    4.878170037210007894e-03
6.011211534755618938e-03    4.679702610173830379e+00    4.972510109898788284e-03
6.176897395260368476e-03    4.771005838202674987e+00    5.069450459758509560e-03
6.347150023081902029e-03    4.864825639440655713e+00    5.169062757725741836e-03
6.522095291144197615e-03    4.961231377708232415e+00    5.271420650189206913e-03
6.701862541782322401e-03    5.060294328687446885e+00    5.376599813438810369e-03
6.886584682369060843e-03    5.162087732618156899e+00    5.484678009615373377e-03
7.076398283577412657e-03    5.266686848446784808e+00    5.595735144202569275e-03
7.271443680351397446e-03    5.374169009467525626e+00    5.709853325103445010e-03
7.471865075659992438e-03    5.473883319506942513e+00    5.815682303291381562e-03
7.677810647110663855e-03    5.574327334982479343e+00    5.922277032205106734e-03
7.889432656501617000e-03    5.677539869423019248e+00    6.031809811008313413e-03
8.106887562393525967e-03    5.783597230981143866e+00    6.144361620601654361e-03
8.330336135784151969e-03    5.892577831076303063e+00    6.260015673946702983e-03
8.559943578971112785e-03    6.004562242366707991e+00    6.378857477587767874e-03
8.795879647690992356e-03    6.119633258319159275e+00    6.500974894869495854e-03
9.038318776624946690e-03    6.237875954420786684e+00    6.626458210896927527e-03
9.287440208363452465e-03    6.359377751077889940e+00    6.755400199285960076e-03
9.543428125925842304e-03    6.484228478248519778e+00    6.887896190753724571e-03
9.806471788932355840e-03    6.612520441856470477e+00    7.024044143599453630e-03
1.007676567352959289e-02    6.744348492035888043e+00    7.163944716128060712e-03
1.035450961617248589e-02    6.879810093256778281e+00    7.307701341069811063e-03
1.063990896136954301e-02    7.015934530362441635e+00    7.452062208252246793e-03
1.093317471350019679e-02    7.144131187664309657e+00    7.587629870804527693e-03
1.123452369281684182e-02    7.275861304628367776e+00    7.726934158610600754e-03
1.154417869574646781e-02    7.411222273319634013e+00    7.870078063549378403e-03
1.186236865961090049e-02    7.550314170201781749e+00    8.017167416245011072e-03
1.218932883188704637e-02    7.693239830126678669e+00    8.168310964310660643e-03
1.252530094413257904e-02    7.840104922363349438e+00    8.323620452748941093e-03
1.287053339070525285e-02    7.991018028722407962e+00    8.483210706568320922e-03
1.322528141240846868e-02    8.146090723833911085e+00    8.647199715676772563e-03
1.358980728519848351e-02    8.305437657637851245e+00    8.815708722115261908e-03
1.396438051409307560e-02    8.462003916142990079e+00    8.981729008414957027e-03
1.434927803242459950e-02    8.614666224182009557e+00    9.144151099010507794e-03
1.474478440658529878e-02    8.771536333880948888e+00    9.311049998264295940e-03
1.515119204641579911e-02    8.932730224062840563e+00    9.482549099587202907e-03
1.556880142139267960e-02    9.098367070252610489e+00    9.658775197458852740e-03
1.599792128277448267e-02    9.268569332787084392e+00    9.839858581170543919e-03
1.643886889187093706e-02    9.443462847353657708e+00    1.002593313115209862e-02
1.689197025460398641e-02    9.623176918024469728e+00    1.021713641795377221e-02
1.735756036253361528e-02    9.807844412854745286e+00    1.041360980395623047e-02
1.783598344052739551e-02    9.995298028677090940e+00    1.061288461968594964e-02
1.832759320125629948e-02    1.017154199184423824e+01    1.079907135339803689e-02
1.883275310670530847e-02    1.035264373326912235e+01    1.099038991602870052e-02
1.935183663689167555e-02    1.053873714695398256e+01    1.118698175518552211e-02
1.988522756599014549e-02    1.072995981739555127e+01    1.138899221716913567e-02
2.043332024606874311e-02    1.092645312130540702e+01    1.159657065443212703e-02
2.099651989864537507e-02    1.112836233213412029e+01    1.180987053599987825e-02
2.157524291428012525e-02    1.133583672747623616e+01    1.202904956093478472e-02
2.216991716042555211e-02    1.154902969943576174e+01    1.225426977492799670e-02
2.278098229776199385e-02    1.176809886803357763e+01    1.248569769010468393e-02
2.340889010525218708e-02    1.199320619774075070e+01    1.272350440813155813e-02
2.405410481415487522e-02    1.222451811722368120e+01    1.296786574671741389e-02
2.471710345124521202e-02    1.245358892796772210e+01    1.320998457279945124e-02
2.539837619149501111e-02    1.266558899554252804e+01    1.343441236772952713e-02
2.609842672047415352e-02    1.288343237996289758e+01    1.366502602254979042e-02
2.681777260674027275e-02    1.310728013944048698e+01    1.390199603691955922e-02
2.755694568449302065e-02    1.333729777140327677e+01    1.414549760994727144e-02
2.831649244677535496e-02    1.357365533485288367e+01    1.439571076972055025e-02
2.909697444951208842e-02    1.381652757609423432e+01    1.465282050640631488e-02
2.989896872668538694e-02    1.406609405793087042e+01    1.491701690901967546e-02
3.072306821695336074e-02    1.432253929242111745e+01    1.518849530596247041e-02
3.156988220202783246e-02    1.458605287729353073e+01    1.546745640943555239e-02
3.244003675713436757e-02    1.485682963612211793e+01    1.575410646383126542e-02
3.333417521388891414e-02    1.513506976236537760e+01    1.604865739821625947e-02
3.425295863593220275e-02    1.542097896737535301e+01    1.635132698301702131e-02
3.519706630767440586e-02    1.571476863248634714e+01    1.666233899102424060e-02
3.616719623651026838e-02    1.601665596529542768e+01    1.698192336283467496e-02
3.716406566887735935e-02    1.632686416025063636e+01    1.731031637685327348e-02
3.818841162053796673e-02    1.664562256366539827e+01    1.764776082398093748e-02
3.924099142147748770e-02    1.694489205116704866e+01    1.796432411496514184e-02
4.032258327582092378e-02    1.723659084969759547e+01    1.827272628318160272e-02
4.143398683718310660e-02    1.753632968577520046e+01    1.858962888069206482e-02
4.257602379987663471e-02    1.784433016539919237e+01    1.891526620318450397e-02
4.374953850641574021e-02    1.816082000265224750e+01    1.924987900419367765e-02
4.495539857176376192e-02    1.848603318805619011e+01    1.959371467309738157e-02
4.619449552478747251e-02    1.882021016156833682e+01    1.994702741801898313e-02
4.746774546739122164e-02    1.916359799034600186e+01    2.031007845377114096e-02
4.877608975181921963e-02    1.951645055141084839e+01    2.068313619497995012e-02
5.012049567662512500e-02    1.987902871934766935e+01    2.106647645453181561e-02
5.150195720182549480e-02    2.025160055917697832e+01    2.146038264749037736e-02
5.292149568376483537e-02    2.063444152454366431e+01    2.186514600063392544e-02
5.438016063023463909e-02    2.102783466136804691e+01    2.228106576776800463e-02
5.587903047640670889e-02    2.139019365315129662e+01    2.266371995390888128e-02
5.741921338215272286e-02    2.174782021806483101e+01    2.304119849463545297e-02
5.900184805134084387e-02    2.211530397479479149e+01    2.342908140334690192e-02
6.062810457371330120e-02    2.249291661521206009e+01    2.382765545362497059e-02
6.229918528996961774e-02    2.288093731977800616e+01    2.423721532333616632e-02
6.401632568069325069e-02    2.327965296395101547e+01    2.465806381249600540e-02
6.578079527978034080e-02    2.368935833028231386e+01    2.509051206713832152e-02
6.759389861304379576e-02    2.411035632635747561e+01    2.553487980935480531e-02
6.945697616268924068e-02    2.454295820874526513e+01    2.599149557367531893e-02
7.137140535837384336e-02    2.498748381311901667e+01    2.646069694996337762e-02
7.333860159558232283e-02    2.544426179072092609e+01    2.694283083300669235e-02
7.536001928207088085e-02    2.591362985134370689e+01    2.743825367898679313e-02
7.743715291315544924e-02    2.639593501300977962e+01    2.794733176901799745e-02
7.957153817663706330e-02    2.689153385853213862e+01    2.847044147995008920e-02
8.176475308818294263e-02    2.740079279914697352e+01    2.900796956263524198e-02
8.401841915800038751e-02    2.792408834541237894e+01    2.956031342786443264e-02
8.633420258966877092e-02    2.846180738557410095e+01    3.012788144018537645e-02
8.871381551201490412e-02    2.894656099273517214e+01    3.063925949403700083e-02
9.115901724494067382e-02    2.943925385269245609e+01    3.115898692518336358e-02
9.367161560014217181e-02    2.994552671062428928e+01    3.169303950295940253e-02
9.625346821767935546e-02    3.046575386938739527e+01    3.224181206861006371e-02
9.890648393938629435e-02    3.100031994867583762e+01    3.280571034631323685e-02
1.016326242201346514e-01    3.154962016938177527e+01    3.338515124314372223e-02
1.044339045779973801e-01    3.211406064579438180e+01    3.398056315730538929e-02
1.073123960843819641e-01    3.269405868585238295e+01    3.459238629485888311e-02
1.102702268952369946e-01    3.329004309967260156e+01    3.522107299517945184e-02
1.133095838244610881e-01    3.390245451658200437e+01    3.586708806538490418e-02
1.164327139606814859e-01    3.453174571088852218e+01    3.653090912398174878e-02
1.196419263285942169e-01    3.512574293288999883e+01    3.715720100916630741e-02
1.229395935960970326e-01    3.571051862758151429e+01    3.777361196702471585e-02
1.263281538284731498e-01    3.631141238160549989e+01    3.840701294085357986e-02
1.298101122909277316e-01    3.692886845391287665e+01    3.905787222317593649e-02
1.333880433008058086e-01    3.756334334847801415e+01    3.972667101397096834e-02
1.370645921308641102e-01    3.821530615180616763e+01    4.041390377643992726e-02
1.408424769649997965e-01    3.888523887974302795e+01    4.112007860257748532e-02
1.447244909078871100e-01    3.957363683384381403e+01    4.184571758881969195e-02
1.487135040500037197e-01    4.028100896756465232e+01    4.259135722204559354e-02
1.528124655895768125e-01    4.100787826254746449e+01    4.335754877621847414e-02
1.570244060130127350e-01    4.175478211527580896e+01    4.414485871995901117e-02
1.613524393354283104e-01    4.252227273438856514e+01    4.495386913535290296e-02
1.657997654029375323e-01    4.331091754894463719e+01    4.578517814830190824e-02
1.703696722583927792e-01    4.401596218353080303e+01    4.652717676685133585e-02
1.750655385723356716e-01    4.473155159744993625e+01    4.728015767552359166e-02
1.798908361409500001e-01    4.546686466393518344e+01    4.805389285129747778e-02
1.848491324528670765e-01    4.622244502220627282e+01    4.884895434002176073e-02
1.899440933267160792e-01    4.699885129570540698e+01    4.966592995473408795e-02
1.951794856213761586e-01    4.779665750510469024e+01    5.050542371024921429e-02
2.005591800209285680e-01    4.861645349269688410e+01    5.136805626972529293e-02
2.060871538963721938e-01    4.945884535848394847e+01    5.225446540353920200e-02
2.117674942462120791e-01    5.032445590828474025e+01    5.316530646080916411e-02
2.176044007181026085e-01    5.121392511419444560e+01    5.410125285391437916e-02
2.236021887137736308e-01    5.212791058773525776e+01    5.506299655636912038e-02
2.297652925795392043e-01    5.306708806604869721e+01    5.605124861441996426e-02
2.360982688847415856e-01    5.403215191148818519e+01    5.706673967274338705e-02
2.426057997905621266e-01    5.502381562498235468e+01    5.811022051463371474e-02
2.492926965116869786e-01    5.589404429880744374e+01    5.902484220993036573e-02
2.561639028733783130e-01    5.677257384712967792e+01    5.994805504768709048e-02
2.632244989666004398e-01    5.767531813541756236e+01    6.089671422227097008e-02
2.704797049038822898e-01    5.860294458986392385e+01    6.187152110614087958e-02
2.779348846787010330e-01    5.955613903280020338e+01    6.287319640354858963e-02
2.855955501312514855e-01    6.053560618974647412e+01    6.390248068337818499e-02
2.934673650235136710e-01    6.154207021043600889e+01    6.496013492667064571e-02
3.015561492266394250e-01    6.257627520420058431e+01    6.604694108923965523e-02
3.098678830237681092e-01    6.363898579011416956e+01    6.716370267979633601e-02
3.184087115314212513e-01    6.473098766229767875e+01    6.831124535400633080e-02
3.271849492427818529e-01    6.585308817080756683e+01    6.949041752492310375e-02
3.362030846961869268e-01    6.700611691853369223e+01    7.070209099024503396e-02
3.454697852722962148e-01    6.819092637454933481e+01    7.194716157686119329e-02
3.549919021234966832e-01    6.940839250436843599e+01    7.322654980316445350e-02
3.647764752391631227e-01    7.065941541757291589e+01    7.454120155961803385e-02
3.748307386505309036e-01    7.175233490893837995e+01    7.568605703781614014e-02
3.851621257790448505e-01    7.285271721458138927e+01    7.683822459137290561e-02
3.957782749321006044e-01    7.398342914481663968e+01    7.802214911629092031e-02
4.066870349502874071e-01    7.514530666921886848e+01    7.923870592382777078e-02
4.178964710102692770e-01    7.633920879903044465e+01    8.048879445127588017e-02
4.294148705876090766e-01    7.756601822225393050e+01    8.177333892694317596e-02
4.412507495839602667e-01    7.882664195625100945e+01    8.309328905346421990e-02
4.534128586231261915e-01    8.012201201832746733e+01    8.444962070994353753e-02
4.659101895206553823e-01    8.145308611480118088e+01    8.584333667345199481e-02
4.787519819317762049e-01    8.282084834906474669e+01    8.727546736041165432e-02
4.919477301825386228e-01    8.422630994916136160e+01    8.874707158841224630e-02
5.055071902892706026e-01    8.567051001541774724e+01    9.025923735902847966e-02
5.194403871714906584e-01    8.715451628868190426e+01    9.181308266221202552e-02
5.337576220636280899e-01    8.867942593973559440e+01    9.340975630285452969e-02
5.484694801310501244e-01    9.002490602103763706e+01    9.481579964386446790e-02
5.635868382959889900e-01    9.135649935324117621e+01    9.620659227073120878e-02
5.791208732791732761e-01    9.272479513482812763e+01    9.763571904568647819e-02
5.950830698631295324e-01    9.413080498830996135e+01    9.910423656543748683e-02
6.114852293832230279e-01    9.557556841935378600e+01    1.006132305494621126e-01
6.283394784527351895e-01    9.706015358531956849e+01    1.021638166427134009e-01
6.456582779284530949e-01    9.858565808498288163e+01    1.037571412404513782e-01
6.634544321233381003e-01    1.001532097700210215e+02    1.053943823358057946e-01
6.817410982731603175e-01    1.017639675788695541e+02    1.070767503907039120e-01
7.005317962640341678e-01    1.034191223935599737e+02    1.088054892308008836e-01
7.198404186280705774e-01    1.051198979201740116e+02    1.105818769650769862e-01
7.396812408145635453e-01    1.068675515935681375e+02    1.124072269307837824e-01
7.600689317442544946e-01    1.086633755070324980e+02    1.142828886644334518e-01
7.810185646544999249e-01    1.105086973675738307e+02    1.162102488995510885e-01
8.025456282433934829e-01    1.124048814775312621e+02    1.181907325919307888e-01
8.246660381210051405e-01    1.124382950170397351e+02    1.182263494395455611e-01
8.473961485762955270e-01    1.124636273846709997e+02    1.182535490063192224e-01
8.707527646683280720e-01    1.124896579834500869e+02    1.182814982694893879e-01
8.947531546507471178e-01    1.125164060585869947e+02    1.183102178927927933e-01
9.194150627387418506e-01    1.125438913857437910e+02    1.183397291095167336e-01
9.447567222278719923e-01    1.125721342856552525e+02    1.183700537381975199e-01
9.707968689744833624e-01    1.126011556391526227e+02    1.184012141987515199e-01
9.975547552477170843e-01    1.126309769026015033e+02    1.184332335290509686e-01
1.025050163963283856e+00    1.126616201237651183e+02    1.184661354019564683e-01
1.053303423309560172e+00    1.126931079581049175e+02    1.184999441428191275e-01
1.082335421776862816e+00    1.127254636855304710e+02    1.185346847474649939e-01
1.112167623600907707e+00    1.131088070393308413e+02    1.189345838765036856e-01
1.142822084632000967e+00    1.143739242673442789e+02    1.202517549981670236e-01
1.174321468641583488e+00    1.156348130147520124e+02    1.215641690286364124e-01
1.206689064078229068e+00    1.168860968491447210e+02    1.228661830619985351e-01
1.239948801285528202e+00    1.181335868916906406e+02    1.241638982966927346e-01
1.274125270194502058e+00    1.193772769770480835e+02    1.254573056554383614e-01
1.309243738503667709e+00    1.206172357689223276e+02    1.267464738518433998e-01
1.345330170360248712e+00    1.218535901242962183e+02    1.280315319897446236e-01
1.382411245556213197e+00    1.230865114736281498e+02    1.293126553208169827e-01
1.420514379253490000e+00    1.243114930580408810e+02    1.305851114892052911e-01
1.459667742252812594e+00    1.255292778628634096e+02    1.318496756742288945e-01
1.499900281821227033e+00    1.267442381437348189e+02    1.331109280709332210e-01
1.541241743093717309e+00    1.279566701756441063e+02    1.343691725297292416e-01
1.583722691064669785e+00    1.291668731488485946e+02    1.356247155078178779e-01
1.627374533185476979e+00    1.303751458486459569e+02    1.368778626007386146e-01
1.672229542585057516e+00    1.315749622432489616e+02    1.381217634037184283e-01
1.718320881930338606e+00    1.327706853445689887e+02    1.393609849131276779e-01
1.765682627944399119e+00    1.339654226363161342e+02    1.405987762556239473e-01
1.814349796600471132e+00    1.351594768336582888e+02    1.418354452609874028e-01
1.864358369010253202e+00    1.363531391074597252e+02    1.430712872599721186e-01
1.915745318025886101e+00    1.375434418645051551e+02    1.443031811796958164e-01
1.968548635575081640e+00    1.387273466466473621e+02    1.455279317256275573e-01
2.022807360749680150e+00    1.399118294716835180e+02    1.467528405035103678e-01
2.078561608668482386e+00    1.410971530071391840e+02    1.479781711566459657e-01
2.135852600135546009e+00    1.422835666685242586e+02    1.492041730325824600e-01
2.194722692115951723e+00    1.434696648901052640e+02    1.504293603986390504e-01
2.255215409051646969e+00    1.446492638223819824e+02    1.516472388627248535e-01
2.317375475040317045e+00    1.458308643057451945e+02    1.528667051739520943e-01
2.381248846901325322e+00    1.470146805333429256e+02    1.540879698732118552e-01
2.446882748152956921e+00    1.482009155608780588e+02    1.553112313798889754e-01
2.514325703926164390e+00    1.493890098444044838e+02    1.565358883371976984e-01
2.583627576840726636e+00    1.505713323972770752e+02    1.577539268855947530e-01
2.654839603870164932e+00    1.517569059696086811e+02    1.589747880990924900e-01
2.728014434222756357e+00    1.529459026918401605e+02    1.601986358977536273e-01
2.803206168266763054e+00    1.541384868552783871e+02    1.614256254669430846e-01
2.880470397528385185e+00    1.553348158460310060e+02    1.626559042171374370e-01
2.959864245792338089e+00    1.565267826045439676e+02    1.638809556300433179e-01
3.041446411335164690e+00    1.577226065935354029e+02    1.651093765008852521e-01
3.125277210322610077e+00    1.589229206799490441e+02    1.663418108113796368e-01
3.211418621403262730e+00    1.601278619339648799e+02    1.675783822208843921e-01
3.299934331531212628e+00    1.613375636768683137e+02    1.688192098239250927e-01
3.390889783051702189e+00    1.625470360877355915e+02    1.700590405563050245e-01
3.484352222084714956e+00    1.637589180834835076e+02    1.713006183714815833e-01
3.580390748242030963e+00    1.649762600363528691e+02    1.725471185183237721e-01
3.679076365714615271e+00    1.661991836186055593e+02    1.737986450200295629e-01
3.780482035768271132e+00    1.674278094861857085e+02    1.750553000793106107e-01
3.884682730685993679e+00    1.686621795762762588e+02    1.763171025568396055e-01
3.991755489197355011e+00    1.698956293041551078e+02    1.775770361713681356e-01
4.101779473435527734e+00    1.711354578008610474e+02    1.788427286854683829e-01
4.214836027464191837e+00    1.723817820599279287e+02    1.801142751099058525e-01
4.331008737417771037e+00    1.736347203148287690e+02    1.813917708580138899e-01
4.450383493299137072e+00    1.748943924661849962e+02    1.826753121607696262e-01
4.573048552480642570e+00    1.761609204784002145e+02    1.839649964489076805e-01
4.699094604955589283e+00    1.774298029251396827e+02    1.852560682103190082e-01
4.828614840387944085e+00    1.787049201634231110e+02    1.865525656813663280e-01
4.961705017010407559e+00    1.799875736325114133e+02    1.878558208157476705e-01
5.098463532421326327e+00    1.812778914478003855e+02    1.891659332841700292e-01
5.238991496332944919e+00    1.825760054453407690e+02    1.904830055177473003e-01
5.383392805325011743e+00    1.838820514716288415e+02    1.918071429718176679e-01
5.531774219658600167e+00    1.851961696573429492e+02    1.931384543717837576e-01
5.684245442207137344e+00    1.865165156807258597e+02    1.944749628270693587e-01
5.840919199563191277e+00    1.878431209446285379e+02    1.958166591966634396e-01
6.001911325380596907e+00    1.891785247253270370e+02    1.971661678130366413e-01
6.167340846013701139e+00    1.905228812773082439e+02    1.985236069352212807e-01
6.337330068517329273e+00    1.918763504441177190e+02    1.998890992430732150e-01
6.512004671071890627e+00    1.932390978780679518e+02    2.012627720187239178e-01
6.691493795901246600e+00    1.946112952532267570e+02    2.026447573195524765e-01
6.875930144751386308e+00    1.959931204728721355e+02    2.040351921438726956e-01
7.065450077000769546e+00    1.973847578724894731e+02    2.054342185904165230e-01
7.260193710475102868e+00    1.987863984192856037e+02    2.068419840125859388e-01
7.460305025040616655e+00    2.001982399091135107e+02    2.082586411683618743e-01
7.665931969052647510e+00    2.016188858556870116e+02    2.096826630270526015e-01
7.877226568738547208e+00    2.030499922222992097e+02    2.111157324105141786e-01
8.094345040595033680e+00    2.044921733847516521e+02    2.125584348470786200e-01
8.317447906883993269e+00    2.059456519392856535e+02    2.140109416052535241e-01
8.546700114311365226e+00    2.074106584236779440e+02    2.154734302241867183e-01
8.782271155977124266e+00    2.088874315118443121e+02    2.169460846504312201e-01
9.024335196686873672e+00    2.103762182099690676e+02    2.184290953743148467e-01
9.273071201717058898e+00    2.118772740546470743e+02    2.199226595663730521e-01
9.528663069129297725e+00    2.133908633135058039e+02    2.214269812142695693e-01
9.791299765732020433e+00    2.149172591887181909e+02    2.229422712605783341e-01
1.006117546678923524e+01    2.164567440238160714e+02    2.244687477417945387e-01
1.033848969958006059e+01    2.180096095141626620e+02    2.260066359288856741e-01
1.062344749091557716e+01    2.195761569214387521e+02    2.275561684696910669e-01
1.091625951872101652e+01    2.211566972924667027e+02    2.291175855334425804e-01
1.121714226779663015e+01    2.227515516826872215e+02    2.306911349576697412e-01
1.152631818987134515e+01    2.243610513845802359e+02    2.322770723977232721e-01
1.184401586806790441e+01    2.259855381613249676e+02    2.338756614791570043e-01
1.217047018590158203e+01    2.276253644859692145e+02    2.354871739531759489e-01
1.250592250093654734e+01    2.292808937863673577e+02    2.371118898553495891e-01
1.285062082322865429e+01    2.309506913171290137e+02    2.387481810970178975e-01
1.320481999868715128e+01    2.326366404218053106e+02    2.403979288687607685e-01
1.356878189748956842e+01    2.343392760780840547e+02    2.420615839356170529e-01
1.394277560769062596e+01    2.360590102553118470e+02    2.437394630656102290e-01
1.432707763416704871e+01    2.377962670998738872e+02    2.454318920455121344e-01
1.472197210304579862e+01    2.395514832221857375e+02    2.471392058650032364e-01
1.512775097176748318e+01    2.413251079911416070e+02    2.488617489052748488e-01
1.554471424493915954e+01    2.431176038362606562e+02    2.505998751322325302e-01
1.597317019613664080e+01    2.449289459030087528e+02    2.523534156214263247e-01
1.641343559582085021e+01    2.467569821923773361e+02    2.541199312372255936e-01
1.686583594553565035e+01    2.486052044960187288e+02    2.559029831494636364e-01
1.733070571856076469e+01    2.504741319386898226e+02    2.577029666009101327e-01
1.780838860719849848e+01    2.523642982625322304e+02    2.595202873638080554e-01
1.829923777687530517e+01    2.542762521820053223e+02    2.613553619652094206e-01
1.880361612724816922e+01    2.562071850161919429e+02    2.632050144968270944e-01
1.932189656050711690e+01    2.581597446270355363e+02    2.650718876572228933e-01
1.985446225707285706e+01    2.601356895718714100e+02    2.669576725740318568e-01
2.040170695889413111e+01    2.621356329034395003e+02    2.688628313929085634e-01
2.096403526055284061e+01    2.641572913924369459e+02    2.707847152146757308e-01
2.154186290839281170e+01    2.662017979731692208e+02    2.727243246400180010e-01
2.213561710789425518e+01    2.682721100285151579e+02    2.746846136717125408e-01
2.274573683951902936e+01    2.703685925366789888e+02    2.766657511695092553e-01
2.337267318326278698e+01    2.724867623960198557e+02    2.786626811279762639e-01
2.401688965215185334e+01    2.746327139638116819e+02    2.806817134859829199e-01
2.467886253493210447e+01    2.768071479438557958e+02    2.827233556929086844e-01
2.535908124820428355e+01    2.790046350419007126e+02    2.847814895492219445e-01
2.605804869826420145e+01    2.812320592923312574e+02    2.868632704954494073e-01
2.677628165291628903e+01    2.834883410554313059e+02    2.889672540474520490e-01
2.751431112353641950e+01    2.857713775920633452e+02    2.910908714625396465e-01
2.827268275766383354e+01    2.880866972822082630e+02    2.932398082146732143e-01
2.905195724241566779e+01    2.904294943909725930e+02    2.954085369880214973e-01
2.985271071901959417e+01    2.928049212939435506e+02    2.976023261258303187e-01
3.067553520877211426e+01    2.952112526782256623e+02    2.998189611621132622e-01
3.152103905073853696e+01    2.976499421436251396e+02    3.020596743016105701e-01
3.238984735151615268e+01    3.001219882982958893e+02    3.043251887697607794e-01
3.328260244739404072e+01    3.026273066714649644e+02    3.066150353999071987e-01
3.419996437925254185e+01    3.051675343630607813e+02    3.089306098042046145e-01
3.514261138055110223e+01    3.077430656570343217e+02    3.112719392141033437e-01
3.611124037876632542e+01    3.103542280749526299e+02    3.136389559838443919e-01
3.710656751065263848e+01    3.130037814666344502e+02    3.160342597780821938e-01
3.812932865170264307e+01    3.156889198486597934e+02    3.184542991222488184e-01
3.918027996020322945e+01    3.184149088706299153e+02    3.209044114497600075e-01
4.026019843628588291e+01    3.211789846454262261e+02    3.233810512264377324e-01
4.136988249638586979e+01    3.239837711178714699e+02    3.258866081205835652e-01
4.251015256353668548e+01    3.268314749516335382e+02    3.284230079376555533e-01
4.368185167393318125e+01    3.297197151031175508e+02    3.309870484882571628e-01
4.488584610021319321e+01    3.326517678670136320e+02    3.335818027118430118e-01
4.612302599192041441e+01    3.356292299672275021e+02    3.362084654632142566e-01
4.739430603361742556e+01    3.386521799624159144e+02    3.388665104371722525e-01
4.870062612114100631e+01    3.417202823950085531e+02    3.415549112151954891e-01
5.004295205649506784e+01    3.448367102168663791e+02    3.442765675503277056e-01
5.142227626189665557e+01    3.480024141254903043e+02    3.470318629813697320e-01
5.283961851350501604e+01    3.512184022147162068e+02    3.498212200120705551e-01
5.429602669537235471e+01    3.544857395413195604e+02    3.526450990785194306e-01
5.579257757417563823e+01    3.578043390084160364e+02    3.555026162494849817e-01
5.733037759530404998e+01    3.611768430493090705e+02    3.583959706646682175e-01
5.891056370088701755e+01    3.646045086122632597e+02    3.613257598134973492e-01
6.053430417036916111e+01    3.680886139446687935e+02    3.642925760388607825e-01
6.220279948425639560e+01    3.716304944025775399e+02    3.672970466755949293e-01
6.391728321166553428e+01    3.752315425774075948e+02    3.703398335132310759e-01
6.567902292234106199e+01    3.788932085117895667e+02    3.734216323348091282e-01
6.748932112380711601e+01    3.826170000012991181e+02    3.765431725276520147e-01
6.934951622434986973e+01    3.864044829791692450e+02    3.797052167623604091e-01
7.126098352254497570e+01    3.902572819813853471e+02    3.829085607365862454e-01
7.322513622405668343e+01    3.941766699965569956e+02    3.861535473652850103e-01
7.524342648646259590e+01    3.981638688755733710e+02    3.894404134465301870e-01
7.731734649287993477e+01    4.022214337451604820e+02    3.927709351803173043e-01
7.944842955517920302e+01    4.063512365953870358e+02    3.961460444528473457e-01
8.163825124761029883e+01    4.105552110708098894e+02    3.995667053279698955e-01
8.388843057167133566e+01    4.148341889950957011e+02    4.030325082300875161e-01
8.620063115308445845e+01    4.191902630534053742e+02    4.065445050880512334e-01
8.857656247176676345e+01    4.236265439016476080e+02    4.101049408132632079e-01
9.101798112569957766e+01    4.281439469120299464e+02    4.137133460038933674e-01
9.352669212963341749e+01    4.327444822797199890e+02    4.173705224169118044e-01
9.610455024959223636e+01    4.374317087692850237e+02    4.210791267164574747e-01
9.875346137415711212e+01    4.422052361691698934e+02    4.248368855387045229e-01
1.014753839235461044e+02    4.470703529336747692e+02    4.286484967809876534e-01
1.042723302975364703e+02    4.520262386789416951e+02    4.325109985452754713e-01
1.071463683632895254e+02    4.570780443219498466e+02    4.364288253659631134e-01
1.100996229841903187e+02    4.622262948972706340e+02    4.404005435631904719e-01
1.131342775908222933e+02    4.674743206995632363e+02    4.444281782004634307e-01
1.162525757952422794e+02    4.728251684290638082e+02    4.485133439582928983e-01
1.194568230497534955e+02    4.782801138931314995e+02    4.526553017278357460e-01
1.227493883513949982e+02    4.838426491742335429e+02    4.568560753148140363e-01
1.261327059934113777e+02    4.895158112230532197e+02    4.611170365081337374e-01
1.296092773650029528e+02    4.953023226924967730e+02    4.654390655678168343e-01
1.331816728006745905e+02    5.012050208990780220e+02    4.698231016503234270e-01
1.368525334805653415e+02    5.072268575782334779e+02    4.742701411227571717e-01
1.406245733831514713e+02    5.133708389990075602e+02    4.787811554680734827e-01
1.445005812917711978e+02    5.196403178789711319e+02    4.833574825636334227e-01
1.484834228564600664e+02    5.260384339444049147e+02    4.880000722478246566e-01
1.525760427126110983e+02    5.325686355016520110e+02    4.927101858441282900e-01
1.567814666580311496e+02    5.392344589192887270e+02    4.974890980962969333e-01
1.611028038900090564e+02    5.460395505778254801e+02    5.023381242738890196e-01
1.655432493040344468e+02    5.529876759485116509e+02    5.072586302807097214e-01
1.701060858558850839e+02    5.600826889500146990e+02    5.122519868019120848e-01
1.747946869888137655e+02    5.673273389407985405e+02    5.173178614520176355e-01
1.796125191276348687e+02    5.747269148765617501e+02    5.224593945619662172e-01
1.845631442415613606e+02    5.822850917603459493e+02    5.276773011363619093e-01
1.896502224776745038e+02    5.900056676917459981e+02    5.329723146320436422e-01
1.948775148669791406e+02    5.978936041248805395e+02    5.383467132631066798e-01
2.002488861050523212e+02    6.059527669673793753e+02    5.438010211919190873e-01
2.057683074093276332e+02    6.141878850107925700e+02    5.493368646712917247e-01
2.114398594551339272e+02    6.226040199121629257e+02    5.549562164129258068e-01
2.172677353926680439e+02    6.312053147168504665e+02    5.606594879959552191e-01
2.232562439471109030e+02    6.399969008399517634e+02    5.664483967503808337e-01
2.294098126042046601e+02    6.489840659336930457e+02    5.723247248533407383e-01
2.357329908836243533e+02    6.581719341805536487e+02    5.782898123968458481e-01
2.422304537025727882e+02    6.675658075560824045e+02    5.843450717413510853e-01
2.489070048320940032e+02    6.771711667853591052e+02    5.904919857933242922e-01
2.557675804486439972e+02    6.869936726691722697e+02    5.967321065600494912e-01
2.628172527835522487e+02    6.970391677586023889e+02    6.030670539575593292e-01
2.700612338730832676e+02    7.073136783592593702e+02    6.094985148502234384e-01
2.775048794118443425e+02    7.178226982923038122e+02    6.160270479917686615e-01
2.851536927124203089e+02    7.285731818874050987e+02    6.226553679757441673e-01
2.930133287741362551e+02    7.395715973961005147e+02    6.293851404076532541e-01
3.010895984639657286e+02    7.508239054988135877e+02    6.362168877118942190e-01
3.093884728126881214e+02    7.623376959559398074e+02    6.431536156426860273e-01
3.179160874294491350e+02    7.741193331215541775e+02    6.501959459838706490e-01
3.266787470379982778e+02    7.861762304335577483e+02    6.573459963809386020e-01
3.356829301379697199e+02    7.985158812845667171e+02    6.646057226662218653e-01
3.449352937946298994e+02    8.111457287026414633e+02    6.719766646192162352e-01
3.544426785606429462e+02    8.240734600723568519e+02    6.794604504261740896e-01
3.642121135335082727e+02    8.373070090529018898e+02    6.870587944569634953e-01
3.742508215523737931e+02    8.508545580224737250e+02    6.947734954134980878e-01
3.845662245381099638e+02    8.647245410161334576e+02    7.026064348143064020e-01
3.951659489805562657e+02    8.789256471282840266e+02    7.105595757838566451e-01
4.060578315770112567e+02    8.934668243546749409e+02    7.186349621189014325e-01
4.172499250261498105e+02    9.083569697636771707e+02    7.268341131417646039e-01
4.287505039816225008e+02    9.236053856545405552e+02    7.351588732338033561e-01
4.405680711697522156e+02    9.392218474147969118e+02    7.436115454910577904e-01
4.527113636758695066e+02    9.552160721486469583e+02    7.521938500333269495e-01
4.651893594038901938e+02    9.715980175073133296e+02    7.609074768058903260e-01
4.780112837139642465e+02    9.883782858778705531e+02    7.697548874852212508e-01
4.911866162430588361e+02    1.005567438178378666e+03    7.787379380759196223e-01
5.047250979135345119e+02    1.023176359331613298e+03    7.878585859018583104e-01
5.186367381349165271e+02    1.041216262729212076e+03    7.971188876441425153e-01
5.329318222041481476e+02    1.059698695300040072e+03    8.065209977607682434e-01
5.476209189098160550e+02    1.078635543147314593e+03    8.160671672505795948e-01
5.627148883459883564e+02    1.098038686384368475e+03    8.257589950881396579e-01
5.782248899414048537e+02    1.117920797812792216e+03    8.355990966801124520e-01
5.941623907099739199e+02    1.138294584771564359e+03    8.455894858525083713e-01
6.105391737286987563e+02    1.159173315144541448e+03    8.557326789803171296e-01
6.273673468492446545e+02    1.180570097601414318e+03    8.660301100120706419e-01
6.446593516496574239e+02    1.202499061591777945e+03    8.764846832770435414e-01
6.624279726327914659e+02    1.224974353063729268e+03    8.870985657855142703e-01
6.806863466782714340e+02    1.248010536394018118e+03    8.978740399556112139e-01
6.994479727550020698e+02    1.271622601983519871e+03    9.088135019127350223e-01
7.187267219013561999e+02    1.295825744417625174e+03    9.199189343346034775e-01
7.385368474804448624e+02    1.320635847852759753e+03    9.311929840036797801e-01
7.588929957180806696e+02    1.346069179807874434e+03    9.426382492921220324e-01
7.798102165311524914e+02    1.372142195700420643e+03    9.542567957337455553e-01
8.013039746545058506e+02    1.398871992135288792e+03    9.660511741975165156e-01
8.233901610744810569e+02    1.426276154311997971e+03    9.780240486380629150e-01
8.460851047775902316e+02    1.454372615223248431e+03    9.901778342674116828e-01
8.694055848230516403e+02    1.483179830386620552e+03    1.002515077362951201e+00
8.933688427480465180e+02    1.512716788547208125e+03    1.015038453541768249e+00
9.179925953148988356e+02    1.543002884677154725e+03    1.027750430977792062e+00
9.432950476096356169e+02    1.574058049942340176e+03    1.040653547557477632e+00
9.692949065015480983e+02    1.605902918033533297e+03    1.053750785347131957e+00
9.960113944737346401e+02    1.638558543226733718e+03    1.067044852556347623e+00
1.023464263834892108e+03    1.672046354000791325e+03    1.080538023183813534e+00
1.051673811322763868e+03    1.706388718461787448e+03    1.094233495704448167e+00
1.080660893110161396e+03    1.741608400780109605e+03    1.108134016972693647e+00
1.110446940224552463e+03    1.777728678250023904e+03    1.122242124132962537e+00
1.141053974392654936e+03    1.814773758493477544e+03    1.136561151502035072e+00
1.172504624321793244e+03    1.852768211791609474e+03    1.151093765123757606e+00
1.204822142429973837e+03    1.891737467994202461e+03    1.165843169241198352e+00
1.238030422037087419e+03    1.931707324604901942e+03    1.180811812733824961e+00
1.272154015029997709e+03    1.972704660627246540e+03    1.196003160047119929e+00
1.307218150014455432e+03    2.014756896841879779e+03    1.211420270729758775e+00
1.343248750967406522e+03    2.057892037663042629e+03    1.227065848943335702e+00
1.380272456403357182e+03    2.102139176558417148e+03    1.242943498281619208e+00
1.418316639069019175e+03    2.147527927653412462e+03    1.259056202255572909e+00
1.457409426180842274e+03    2.194088842949777245e+03    1.275407349743244989e+00
1.497579720220304807e+03    2.241853151426665136e+03    1.291999999999979165e+00
