2.3923355386343774e-09 1.8528075391260447e-05 1.991e-08
6.278866558482087e-09 3.6977618219554605e-05 3.973e-08
1.6252652602671325e-08 7.37645145004768e-05 7.926e-08
4.166770690300836e-08 0.0001472485555617883 1.581e-07
5.4537510922481584e-08 0.0001853929432882706 1.991e-07
1.016727000374485e-07 0.0002938800695574129 3.156e-07
1.8905255273998252e-07 0.0004657541930779155 5.001e-07
2.5770815129197354e-07 0.0005864699612946653 6.296e-07
3.143178130071152e-07 0.000679867616536714 7.299e-07
4.281612782424166e-07 0.0009008806865989791 9.667e-07
7.939083759830233e-07 0.0014276098053514332 1.532e-06
1.4704780926226438e-06 0.0023369046951253717 2.507e-06
2.7225065534889524e-06 0.0037056150782520895 3.974e-06
3.533890900012483e-06 0.004504964379873226 4.83e-06
4.807140182249407e-06 0.005671172939922589 6.081e-06
6.5410061165896885e-06 0.007398889325180905 7.93e-06
8.894020721507926e-06 0.009317327649071633 9.982e-06
1.209586818125078e-05 0.011729399225893307 1.257e-05
1.5622269379603043e-05 0.014208784428114657 1.522e-05
2.1245787042816127e-05 0.01859538901666012 1.991e-05
2.8885282736237674e-05 0.023413922701520165 2.507e-05
3.7130195980526775e-05 0.028266113199080047 3.025e-05
5.048683060791411e-05 0.037129073876703875 3.973e-05
6.865559855199101e-05 0.04676614124642396 5.002e-05
9.05005617276245e-05 0.05402479385202221 5.777e-05
9.330919985020596e-05 0.06119930442587087 6.545e-05
0.00012688802896017976 0.07940203062769956 8.485e-05
0.00016208962676320058 0.09541706400403882 0.00010195
0.00020534265385095492 0.11757446569809839 0.0001256
0.00027917862938459613 0.15313849778425984 0.0001635
0.000363000873798527 0.18651483704493185 0.000199
0.0004704780926226438 0.23492455264486453 0.0002506
0.00048714267881662713 0.24115106299433445 0.0002572
0.0004903882162027212 0.24238514612666182 0.0002585
0.000492447884159	 0.250182307735	 0.000267
0.000521283235551	 0.292814270489	 0.0003126
0.000567844214205	 0.370785886577	 0.0003951
0.000613593808513	 0.446738093903	 0.0004759
0.000675945574835	 0.54568912324	 0.0005812
0.000760204718512	 0.670892466483	 0.0007143
0.00087317438522	 0.825152858024	 0.0008786
0.00102234427662	 1.01250911539	 0.001077
0.00121707651979	 1.23520502608	 0.001314
0.00161777555861	 1.64357435351	 0.001748
0.00218824116839	 2.15010938464	 0.002287
0.00297778055174	 2.7671509508	 0.002942
0.00404506303832	 3.50479609581	 0.003726
0.0054599925103	 4.37594659786	 0.00465
0.00730245911871	 5.39126044764	 0.005728
0.0105792035951	 6.989398104	 0.007424
0.0137872924728	 8.39176529983	 0.008907
0.0177755586069	 9.97363549672	 0.01059
0.0245350143553	 12.3969260111	 0.01315
0.038559480714	 16.7610927245	 0.01777
0.0547622019723	 21.1308689067	 0.02239
0.0865060541755	 28.501710888	 0.03017
0.117463487704	 34.739440175	 0.03675
0.166146548496	 43.3724126325	 0.04585
0.243228061416	 55.1186402648	 0.05821
0.365809511921	 70.7914960453	 0.07468
0.536449881413	 88.9661749032	 0.09371
0.802646361253	 112.413754417	 0.1182
   1.8952385956907067        113.18458361762110       0.11934000000000007     
   1.9732204836370970        114.66046157501745       0.12087000000000006     
   2.0532159101279039        116.13733933951946       0.12240000000000008     
   2.1352459457599591        117.61522984176706       0.12393000000000008     
   2.2193315118964150        119.09414556965599       0.12546000000000007     
   2.3054935301846928        120.57409934583163       0.12699000000000008     
   2.3929799326660861        122.05510079541493       0.12852000000000008     
   2.4814846056232005        123.53714891818869       0.13005000000000008     
   2.5714979667068909        125.02024693474617       0.13158000000000009     
   2.6631683183869783        126.50440113461181       0.13311000000000009     
   2.7565835601806747        127.98961896038402       0.13464000000000009     
   2.8518070289271913        129.47590852849791       0.13617000000000010     
   2.9488892060780842        130.96327840596487       0.13770000000000010     
   3.0478728795064600        132.45173748447709       0.13923000000000008     
   3.1487958227397868        133.94129490126230       0.14076000000000008     
   3.2516923692498261        135.43196010021450       0.14229000000000008     
   3.3565942580997405        136.92374232990193       0.14382000000000009     
   3.4635314427126027        138.41665132129143       0.14535000000000012     
   3.5725324057155978        139.91069678843579       0.14688000000000009     
   3.6836244990442060        141.40588853371739       0.14841000000000010     
   3.7968341707632534        142.90223643464387       0.14994000000000010     
   3.9121871353522999        144.39975043321880       0.15147000000000010     
   4.0297085042153000        145.89844052722745       0.15300000000000008     
   4.1494228874984014        147.39831676307054       0.15453000000000011     
   4.2713544747295433        148.89938922975230       0.15606000000000009     
   4.3955270995376452        150.40166805382898       0.15759000000000009     
   4.5219642922414502        151.90516339512351       0.15912000000000012     
   4.6506893229642694        153.40988544305830       0.16065000000000010     
   4.7817252373915844        154.91584441350295       0.16218000000000013     
   4.9150948865509285        156.42305054605538       0.16371000000000011     
   5.0508209519509233        157.93151410167542       0.16524000000000011     
   5.1889259667505012        159.44124536061898       0.16677000000000011     
   5.3294323338523331        160.95225462063698       0.16830000000000012     
   5.4723623413511948        162.46455219537799       0.16983000000000009     
   5.6177381757466183        163.97814841298953       0.17136000000000012     
   5.7655819334274740        165.49305361487419       0.17289000000000013     
   5.9159156304975973        167.00927815458223       0.17442000000000013     
   6.0687612113542917        168.52683239682923       0.17595000000000013     
   6.2241405560912497        170.04572671661177       0.17748000000000011     
   6.3820754869317575        171.56597149841701       0.17901000000000014     
   6.5425877738240725        173.08757713550631       0.18054000000000012     
   6.7056991392871392        174.61055402927346       0.18207000000000012     
   6.8714312626250020        176.13491258865812       0.18360000000000012     
   7.0398057835238488        177.66066322960904       0.18513000000000013     
   7.2108443051892372        179.18781637460191       0.18666000000000013     
   7.3845683970343483        180.71638245218475       0.18819000000000013     
   7.5609995969055754        182.24637189657264       0.18972000000000014     
   7.7401594130348403        183.77779514725339       0.19125000000000014     
   7.9220693255919770        185.31066264863989       0.19278000000000015     
   8.1067507879791982        186.84498484973082       0.19431000000000012     
   8.2942252278430448        188.38077220379532       0.19584000000000015     
   8.4845140478598875        189.91803516807769       0.19737000000000013     
   8.6776386262723193        191.45678420351092       0.19890000000000013     
   8.8736203172654609        192.99702977444844       0.20043000000000016     
   9.0724804510717814        194.53878234839550       0.20196000000000014     
   9.2742403340055137        196.08205239576654       0.20349000000000014     
   9.4789212482526999        197.62685038963150       0.20502000000000015     
   9.6865444515592554        199.17318680547720       0.20655000000000015     
   9.8971311767405599        200.72107212097185       0.20808000000000015     
   10.110702631107804        202.27051681573079       0.20961000000000016     
   10.327279995724888        203.82153137108429       0.21114000000000013     
   10.546884424586505        205.37412626985031       0.21267000000000016     
   10.769537043652825        206.92831199609830       0.21420000000000017     
   10.995258949839277        208.48409903492609       0.21573000000000014     
   11.224071209840282        210.04149787222002       0.21726000000000018     
   11.455994858910925        211.60051899442919       0.21879000000000015     
   11.691050899559375        213.16117288832325       0.22032000000000015     
   11.929260300137164        214.72347004075428       0.22185000000000016     
   12.170643993370129        216.28742093841885       0.22338000000000016     
   12.415222874817646        217.85303606760792       0.22491000000000017     
   12.663017801251836        219.42032591395548       0.22644000000000017     
   12.914049588983316        220.98930096218965       0.22797000000000017     
   13.168339012111694        222.55997169586792       0.22950000000000018     
   13.425906800756549        224.13234859711650       0.23103000000000018     
   13.686773639149559        225.70644214636229       0.23256000000000016     
   13.950960163779582        227.28226282205318       0.23409000000000019     
   14.218486961424972        228.85982110038549       0.23562000000000016     
   14.489374567129959        230.43912745501106       0.23715000000000017     
   14.763643462175642        232.02019235675263       0.23868000000000017     
   15.041314071997430        233.60302627330574       0.24021000000000017     
   15.322406764038071        235.18763966892962       0.24174000000000020     
   15.606941845602652        236.77404300414790       0.24327000000000018     
   15.894939561648229        238.36224673542745       0.24480000000000018     
   16.186420092566031        239.95226131486228       0.24633000000000019     
   16.481403551903565        241.54409718984263       0.24786000000000019     
   16.779909984091034        243.13776480272378       0.24939000000000017     
   17.081959362122895        244.73327459049131       0.25092000000000020     
   17.387571585226816        246.33063698441185       0.25245000000000017     
   17.696766476489184        247.92986240968378       0.25398000000000021     
   18.009563780506742        249.53096128508395       0.25551000000000018     
   18.325983160951068        251.13394402260369       0.25704000000000021     
   18.646044198205406        252.73882102707881       0.25857000000000019     
   18.969766386912188        254.34560269582232       0.26010000000000016     
   19.297169133552792        255.95429941824091       0.26163000000000020     
   19.628271753993381        257.56492157545296       0.26316000000000017     
   19.963093471052400        259.17747953989823       0.26469000000000020     
   20.301653412031630        260.79198367494575       0.26622000000000018     
   20.643970606267640        262.40844433448990       0.26775000000000021     
   20.990063982667273        264.02687186254946       0.26928000000000024     
   21.339952367256160        265.64727659285882       0.27081000000000022     
   21.693654480717907        267.26966884845143       0.27234000000000019     
   22.051188935939059        268.89405894124229       0.27387000000000022     
   22.412574235574979        270.52045717160615       0.27540000000000020     
   22.777828769611773        272.14887382795132       0.27693000000000023     
   23.146970812922355        273.77931918628559       0.27846000000000021     
   23.520018522872657        275.41180350978624       0.27999000000000018     
   23.896989936912068        277.04633704835607       0.28152000000000016     
   24.277902970182904        278.68293003818962       0.28305000000000025     
   24.662775413157249        280.32159270131547       0.28458000000000022     
   25.051624929275935        281.96233524516208       0.28611000000000020     
   25.444469052633600        283.60516786209757       0.28764000000000023     
   25.841325185659922        285.25010072897845       0.28917000000000020     
   26.242210596840572        286.89714400669271       0.29070000000000024     
   26.647142418449892        288.54630783970231       0.29223000000000021     
   27.056137644325812        290.19760235557987       0.29376000000000024     
   27.469213127671431        291.85103766454790       0.29529000000000022     
   27.886385578867785        293.50662385901421       0.29682000000000019     
   28.307671563343366        295.16437101310419       0.29835000000000028     
   28.733087499460552        296.82428918219216       0.29988000000000026     
   29.162649656446639        298.48638840243990       0.30141000000000023     
   29.596374152341639        300.15067869031310       0.30294000000000021     
   30.034276952019862        301.81717004212749       0.30447000000000024     
   30.476373865207560        303.48587243356781       0.30600000000000016     
   30.922680544573520        305.15679581921739       0.30753000000000019     
   31.373212483837648        306.82995013209057       0.30906000000000017     
   31.827985015950443        308.50534528316018       0.31059000000000014     
   32.287013311270734        310.18299116088258       0.31212000000000006     
   32.750312375844381        311.86289763073751       0.31365000000000004     
   33.217897049680552        313.54507453474787       0.31518000000000002     
   33.689782005106856        315.22953169101618       0.31670999999999994     
   34.165981745153168        316.91627889326020       0.31823999999999991     
   34.646510601995949        318.60532591033910       0.31976999999999994     
   35.131382735446387        320.29668248579804       0.32129999999999992     
   35.620612131495633        321.99035833739839       0.32282999999999984     
   36.114212600899705        323.68636315666134       0.32435999999999982     
   36.612197777830694        325.38470660840699       0.32588999999999979     
   37.114581118578734        327.08539833030130       0.32741999999999971     
   37.621375900293181        328.78844793239858       0.32894999999999969     
   38.132595219802589        330.49386499669544       0.33047999999999972     
   38.648251992465831        332.20165907667706       0.33200999999999969     
   39.168358951098988        333.91183969688001       0.33353999999999961     
   39.692928644941752        335.62441635244215       0.33506999999999959     
   40.221973438699280        337.33939850867523       0.33659999999999957     
   40.755505511616015        339.05679560062089       0.33812999999999949     
   41.293536856631739        340.77661703262515       0.33965999999999946     
   41.836079279583508        342.49887217791343       0.34118999999999944     
   42.383144398463273        344.22357037816408       0.34271999999999947     
   42.934743642744678        345.95072094309688       0.34424999999999939     
   43.490888252749166        347.68033315005312       0.34577999999999937     
   44.051589279094102        349.41241624359225       0.34730999999999934     
   44.616857582182305        351.14697943508429       0.34883999999999926     
   45.186703831761427        352.88403190231804       0.35036999999999924     
   45.761138506524745        354.62358278909954       0.35189999999999921     
   46.340171893794185        356.36564120486622       0.35342999999999924     
   46.923814089243372        358.11021622430900       0.35495999999999917     
   47.512074996687751        359.85731688698746       0.35648999999999914     
   48.104964327926545        361.60695219696629       0.35801999999999912     
   48.702491602647108        363.35913112244214       0.35954999999999904     
   49.304666148390254        365.11386259538909       0.36107999999999901     
   49.911497100561149        366.87115551120320       0.36260999999999899     
   50.522993402504135        368.63101872835352       0.36413999999999896     
   51.139163805636692        370.39346106804459       0.36566999999999888     
   51.760016869636601        372.15849131387847       0.36719999999999892     
   52.385560962677580        373.92611821152451       0.36872999999999889     
   53.015804261728782        375.69635046840284       0.37025999999999881     
   53.650754752906970        377.46919675336557       0.37178999999999879     
   54.290420231876396        379.24466569638776       0.37331999999999876     
   54.934808304309477        381.02276588826925       0.37484999999999874     
   55.583926386390644        382.80350588033713       0.37637999999999866     
   56.237781705381913        384.58689418415804       0.37790999999999869     
   56.896381300229308        386.37293927125751       0.37943999999999867     
   57.559732022226569        388.16164957284872       0.38096999999999859     
   58.227840535721981        389.95303347956252       0.38249999999999856     
   58.900713318884883        391.74709934118903       0.38402999999999854     
   59.578356664492780        393.54385546642857       0.38555999999999852     
   60.260776680808839        395.34331012264175       0.38708999999999844     
   60.947979292452672        397.14547153561654       0.38861999999999841     
   61.639970241365837        398.95034788933646       0.39014999999999844     
   62.336755087782699        400.75794732575713       0.39167999999999842     
   63.038339211264521        402.56827794459133       0.39320999999999834     
   63.744727811767781        404.38134780310423       0.39473999999999831     
   64.455925910757045        406.19716491590560       0.39626999999999829     
   65.171938352357017        408.01573725476737       0.39779999999999821     
   65.892769804533401        409.83707274842624       0.39932999999999819     
   66.618424760331166        411.66117928241664       0.40085999999999822     
   67.348907539133549        413.48806469889399       0.40238999999999819     
   68.084222287954546        415.31773679647233       0.40391999999999811     
   68.824372982777888        417.15020333006936       0.40544999999999809     
   69.569363429928842        418.98547201075939       0.40697999999999807     
   70.319197267458563        420.82355050563007       0.40850999999999799     
   71.073877966587489        422.66444643765283       0.41003999999999796     
   71.833408833156227        424.50816738555284       0.41156999999999794     
   72.597793009117723        426.35472088369147       0.41309999999999797     
   73.367033474051595        428.20411442195950       0.41462999999999789     
   74.141133046706727        430.05635544566474       0.41615999999999786     
   74.920094386572814        431.91145135544173       0.41768999999999784     
   75.703919995467857        433.76940950716232       0.41921999999999776     
   76.492612219155561        435.63023721184919       0.42074999999999774     
   77.286173248985747        437.49394173560256       0.42227999999999771     
   78.084605123550759        439.36053029953518       0.42380999999999774     
   78.887909730363347        441.23001007970453       0.42533999999999766     
   79.696088807557928        443.10238820706263       0.42686999999999764     
   80.509143945602503        444.97767176741115       0.42839999999999762     
   81.327076589036565        446.85586780135668       0.42992999999999754     
   82.149888038209596        448.73698330427692       0.43145999999999751     
   82.977579451054055        450.62102522629738       0.43298999999999749     
   83.810151844852498        452.50800047226625       0.43451999999999746     
   84.647606098034018        454.39791590174377       0.43604999999999744     
   85.489942951963954        456.29077832899577       0.43757999999999742     
   86.337163012769665        458.18659452299210       0.43910999999999739     
   87.189266753143173        460.08537120740505       0.44063999999999731     
   88.046254514183190        461.98711506063302       0.44216999999999729     
   88.908126507222036        463.89183271580964       0.44369999999999726     
   89.774882815678197        465.79953076083149       0.44522999999999724     
   90.646523396890899        467.71021573838652       0.44675999999999716     
   91.523048083986922        469.62389414599005       0.44828999999999719     
   92.404456587729570        471.54057243602739       0.44981999999999717     
   93.290748498377056        473.46025701580118       0.45134999999999709     
   94.181923287552038        475.38295424758309       0.45287999999999706     
   95.077980310095924        477.30867044867324       0.45440999999999704     
   95.978918805938321        479.23741189146659       0.45593999999999701     
   96.884737901959440        481.16918480351950       0.45746999999999693     
   97.795436613847485        483.10399536762606       0.45899999999999697     
   98.711013847963571        485.04184972189785       0.46052999999999694     
   99.631468403194546        486.98275395984939       0.46205999999999686     
   100.55679897280972        488.92671413048657       0.46358999999999684     
   101.48700414631006        490.87373623840608       0.46511999999999681     
   102.42208241127129        492.82382624389203       0.46664999999999679     
   103.36203215518127        494.77699006301918       0.46817999999999671     
   104.30685166727407        496.73323356776632       0.46970999999999669     
   105.25653914035753        498.69256258612774       0.47123999999999672     
   106.21109267262887        500.65498290223252       0.47276999999999669     
   107.17051026948256        502.62050025646607       0.47429999999999661     
   108.13478984531984        504.58912034559637       0.47582999999999659     
   109.10392922532978        506.56084882290850       0.47735999999999656     
   110.07792614727825        508.53569129833460       0.47888999999999649     
   111.05677826327988        510.51365333859837       0.48041999999999646     
   112.04048314155591        512.49474046735463       0.48194999999999644     
   113.02903826818586        514.47895816533480       0.48347999999999647     
   114.02244104884362        516.46631187049911       0.48500999999999639     
   115.02068881052527        518.45680697819307       0.48653999999999636     
   116.02377880326017        520.45044884129857       0.48806999999999634     
   117.03170820181226        522.44724277039927       0.48959999999999626     
   118.04447410736742        524.44719403394697       0.49112999999999624     
   119.06207354919785        526.45030785841811       0.49265999999999621     
   120.08450348633119        528.45658942849388       0.49418999999999624     
   121.11176080918952        530.46604388723529       0.49571999999999616     
   122.14384234121474        532.47867633624753       0.49724999999999614     
   123.18074484048971        534.49449183587183       0.49877999999999612     
   124.22246500132903        536.51349540535830       0.50030999999999604     
   125.26899945586436        538.53569202305505       0.50183999999999607     
   126.32034477561277        540.56108662659290       0.50336999999999599     
   127.37649747302302        542.58968411307490       0.50489999999999602     
   128.43745400301128        544.62148933927233       0.50642999999999594     
   129.50321076447761        546.65650712180854       0.50795999999999586     
   130.57376410180800        548.69474223736859       0.50948999999999589     
   131.64911030635403        550.73619942288610       0.51101999999999581     
   132.72924561789793        552.78088337575264       0.51254999999999584     
   133.81416622610871        554.82879875401011       0.51407999999999576     
   134.90386827196218        556.87995017656704       0.51560999999999579     
   135.99834784916249        558.93434222339249       0.51713999999999571     
   137.09760100553424        560.99197943573517       0.51866999999999563     
   138.20162374439994        563.05286631632305       0.52019999999999567     
   139.31041202594130        565.11700732958070       0.52172999999999559     
   140.42396176854044        567.18440690184070       0.52325999999999551     
   141.54226885010297        569.25506942155414       0.52478999999999554     
   142.66532910936382        571.32899923950833       0.52631999999999557     
   143.79313834717405        573.40620066904501       0.52784999999999549     
   144.92569232777220        575.48667798627605       0.52937999999999541     
   146.06298678003296        577.57043543029840       0.53090999999999544     
   147.20501739870272        579.65747720342404       0.53243999999999536     
   148.35177984561085        581.74780747138959       0.53396999999999528     
   149.50326975086830        583.84143036358614       0.53549999999999531     
   150.65948271404454        585.93834997327576       0.53702999999999534     
   151.82041430533175        588.03857035782232       0.53855999999999526     
   152.98606006667993        590.14209553890794       0.54008999999999519     
   154.15641551292745        592.24892950276251       0.54161999999999522     
   155.33147613290220        594.35907620038608       0.54314999999999514     
   156.51123739051252        596.47253954777966       0.54467999999999506     
   157.69569472581750        598.58932342616629       0.54620999999999498     
   158.88484355607795        600.70943168222152       0.54773999999999512     
   160.07867927678888        602.83286812829670       0.54926999999999504     
   161.27719726270385        604.95963654265336       0.55079999999999507     
   162.48039286882673        607.08974066968290       0.55232999999999499     
   163.68826143139643        609.22318422014428       0.55385999999999491     
   164.90079826885466        611.35997087138026       0.55538999999999494     
   166.11799868278894        613.50010426755659       0.55691999999999486     
   167.33985795886542        615.64358801988533       0.55844999999999478     
   168.56637136774341        617.79042570685465       0.55997999999999482     
   169.79753416596864        619.94062087445491       0.56150999999999474     
   171.03334159685653        622.09417703641157       0.56303999999999466     
   172.27378889135463        624.25109767440824       0.56456999999999469     
   173.51887126888948        626.41138623832035       0.56609999999999461     
   174.76858393819705        628.57504614643858       0.56762999999999453     
   176.02292209813447        630.74208078569666       0.56915999999999456     
   177.28188093848900        632.91249351190390       0.57068999999999459     
   178.54545564074482        635.08628764996490       0.57221999999999462     
   179.81364137886422        637.26346649411107       0.57374999999999454     
   181.08643332003226        639.44403330812838       0.57527999999999446     
   182.36382662539449        641.62799132557848       0.57680999999999449     
   183.64581645077496        643.81534375002377       0.57833999999999441     
   184.93239794738935        646.00609375526085       0.57986999999999433     
   186.22356626252858        648.20024448553340       0.58139999999999437     
   187.51931654023943        650.39779905576631       0.58292999999999429     
   188.81964392198481        652.59876055178040       0.58445999999999421     
   190.12454354729218        654.80313203052083       0.58598999999999424     
   191.43401055438690        657.01091652027890       0.58751999999999416     
   192.74804008081102        659.22211702090692       0.58904999999999408     
   194.06662726402664        661.43673650404571       0.59057999999999411     
   195.38976724201530        663.65477791334536       0.59210999999999403     
   196.71745515384603        665.87624416467634       0.59363999999999417     
   198.04968614024941        668.10113814635474       0.59516999999999409     
   199.38645534416506        670.32946271935816       0.59669999999999401     
   200.72775791128061        672.56122071754112       0.59822999999999404     
   202.07358899055930        674.79641494785096       0.59975999999999396     
   203.42394373475446        677.03504819054376       0.60128999999999388     
   204.77881730091030        679.27712319940076       0.60281999999999392     
   206.13820485084787        681.52264270193268       0.60434999999999384     
   207.50210155164865        683.77160939960470       0.60587999999999376     
   208.87050257611375        686.02402596803620       0.60740999999999379     
   210.24340310321995        688.27989505721689       0.60893999999999371     
   211.62079831856269        690.53921929171781       0.61046999999999374     
   213.00268341478468        692.80200127089290       0.61199999999999366     
   214.38905359199578        695.06824356909044       0.61352999999999369     
   215.77990405818514        697.33794873586203       0.61505999999999361     
   217.17523002961221        699.61111929616106       0.61658999999999375     
   218.57502673120138        701.88775775055410       0.61811999999999367     
   219.97928939691309        704.16786657541638       0.61964999999999359     
   221.38801327011129        706.45144822313875       0.62117999999999363     
   222.80119360392212        708.73850512232900       0.62270999999999355     
   224.21882566157959        711.02903967800978       0.62423999999999347     
   225.64090471675814        713.32305427181416       0.62576999999999350     
   227.06742605390539        715.62055126218991       0.62729999999999342     
   228.49838496855600        717.92153298459061       0.62882999999999334     
   229.93377676763956        720.22600175167281       0.63035999999999337     
   231.37359676978195        722.53395985348891       0.63188999999999329     
   232.81784030559450        724.84540955768080       0.63341999999999321     
   234.26650271795569        727.16035310967470       0.63494999999999324     
   235.71957936228031        729.47879273286287       0.63647999999999316     
   237.17706560679051        731.80073062880342       0.63800999999999330     
   238.63895683276394        734.12616897740099       0.63953999999999323     
   240.10524843478797        736.45510993709706       0.64106999999999315     
   241.57593582099628        738.78755564505627       0.64259999999999318     
   243.05101441329947        741.12350821734640       0.64412999999999310     
   244.53047964761038        743.46296974912696       0.64565999999999302     
   246.01432697406369        745.80594231483042       0.64718999999999305     
   247.50255185721838        748.15242796833786       0.64871999999999297     
   248.99514977626490        750.50242874316541       0.65024999999999289     
   250.49211622521869        752.85594665264080       0.65177999999999292     
   251.99344671310638        755.21298369007854       0.65330999999999284     
   253.49913676414582        757.57354182895347       0.65483999999999276     
   255.00918191792508        759.93762302308653       0.65636999999999279     
   256.52357772956304        762.30522920680346       0.65789999999999271     
   258.04231976987381        764.67636229511675       0.65942999999999274     
   259.56540362552329        767.05102418389629       0.66095999999999266     
   261.09282489917376        769.42921675003538       0.66248999999999258     
   262.62457920962805        771.81094185161965       0.66401999999999273     
   264.16066219196750        774.19620132810087       0.66554999999999265     
   265.70106949767870        776.58499700045274       0.66707999999999257     
   267.24579679478171        778.97733067134232       0.66860999999999260     
   268.79483976794791        781.37320412529436       0.67013999999999252     
   270.34819411861503        783.77261912885012       0.67166999999999244     
   271.90585556509291        786.17557743073121       0.67319999999999247     
   273.46781984267091        788.58208076199719       0.67472999999999239     
   275.03408270371312        790.99213083620896       0.67625999999999231     
   276.60463991775106        793.40572934957777       0.67778999999999234     
   278.17948727157597        795.82287798113225       0.67931999999999226     
   279.75862056931783        798.24357839286529       0.68084999999999229     
   281.34203563252566        800.66783222989136       0.68237999999999222     
   282.92972830024200        803.09564112059661       0.68390999999999214     
   284.52169442907541        805.52700667679630       0.68543999999999228     
   286.11792989326028        807.96193049387728       0.68696999999999220     
   287.71843058472456        810.40041415095357       0.68849999999999212     
   289.32319241313820        812.84245921100853       0.69002999999999215     
   290.93221130597806        815.28806722104855       0.69155999999999207     
   292.54548320856543        817.73723971224103       0.69308999999999199     
   294.16300408411723        820.18997820006291       0.69461999999999202     
   295.78476991378653        822.64628418444499       0.69614999999999194     
   297.41077669669988        825.10615914990979       0.69767999999999197     
   299.04102044999138        827.56960456571710       0.69920999999999189     
   300.67549720883278        830.03662188599822       0.70073999999999181     
   302.31420302646052        832.50721254989799       0.70226999999999185     
   303.95713397420212        834.98137798171422       0.70379999999999177     
   305.60428614149208        837.45911959102784       0.70532999999999169     
   307.25565563589322        839.94043877284275       0.70685999999999172     
   308.91123858310914        842.42533690771791       0.70838999999999164     
   310.57103112699696        844.91381536190192       0.70991999999999167     
   312.23502942957185        847.40587548746066       0.71144999999999170     
   313.90322967101787        849.90151862241316       0.71297999999999162     
   315.57562804968529        852.40074609085514       0.71450999999999154     
   317.25222078209543        854.90355920309366       0.71603999999999157     
   318.93300410293398        857.40995925577022       0.71756999999999149     
   320.61797426504717        859.91994753198628       0.71909999999999152     
   322.30712753943487        862.43352530143272       0.72062999999999144     
   324.00046021523804        864.95069382050644       0.72215999999999136     
   325.69796859972951        867.47145433244407       0.72368999999999140     
   327.39964901829461        869.99580806743199       0.72521999999999132     
   329.10549781441807        872.52375624273418       0.72674999999999124     
   330.81551134966321        875.05530006281390       0.72827999999999127     
   332.52968600364864        877.59044071944265       0.72980999999999119     
   334.24801817402778        880.12917939182955       0.73133999999999111     
   335.97050427645991        882.67151724672874       0.73286999999999125     
   337.69714074458585        885.21745543855866       0.73439999999999117     
   339.42792402999737        887.76699510951880       0.73592999999999109     
   341.16285060220565        890.32013738970022       0.73745999999999112     
   342.90191694860732        892.87688339719648       0.73898999999999104     
   344.64511957445148        895.43723423821962       0.74051999999999107     
   346.39245500280259        898.00119100720576       0.74204999999999099     
   348.14391977450208        900.56875478693041       0.74357999999999091     
   349.89951044813040        903.13992664861303       0.74510999999999095     
   351.65922359996256        905.71470765202287       0.74663999999999087     
   353.42305582392930        908.29309884559211       0.74816999999999079     
   355.19100373156903        910.87510126651330       0.74969999999999082     
   356.96306395198678        913.46071594085106       0.75122999999999074     
   358.73923313180444        916.04994388364253       0.75275999999999066     
   360.51950793511372        918.64278609900032       0.75428999999999069     
   362.30388504342415        921.23924358021304       0.75581999999999072     
   364.09236115561959        923.83931730985114       0.75734999999999064     
   365.88493298789746        926.44300825986056       0.75887999999999067     
   367.68159727372296        929.05031739166611       0.76040999999999059     
   369.48235076377239        931.66124565627058       0.76193999999999062     
   371.28719022587671        934.27579399434569       0.76346999999999055     
   373.09611244496841        936.89396333633590       0.76499999999999047     
   374.90911422302355        939.51575460255026       0.76652999999999050     
   376.72619237900221        942.14116870325608       0.76805999999999042     
   378.54734374879189        944.77020653877662       0.76958999999999034     
   380.37256518514749        947.40286899957903       0.77111999999999037     
   382.20185355762845        950.03915696637137       0.77264999999999029     
   384.03520575254095        952.67907131018933       0.77417999999999021     
   385.87261867287356        955.32261289249072       0.77570999999999024     
   387.71408923823321        957.96978256523926       0.77723999999999016     
   389.55961438478624        960.62058117100287       0.77876999999999030     
   391.40919106518930        963.27500954303082       0.78029999999999022     
   393.26281624852624        965.93306850534748       0.78182999999999014     
   395.12048692024308        968.59475887283622       0.78335999999999018     
   396.98220008208131        971.26008145132585       0.78488999999999010     
   398.84795275201162        973.92903703767365       0.78641999999999002     
   400.71774196416624        976.60162641985323       0.78794999999999005     
   402.59156476877115        979.27785037703109       0.78947999999998997     
   404.46941823207766        981.95770967965507       0.79100999999998989     
   406.35129943629596        984.64120508953260       0.79253999999998992     
   408.23720547952036        987.32833735991153       0.79406999999998984     
   410.12713347566779        990.01910723556364       0.79559999999998976     
   412.02108055439913        992.71351545285597       0.79712999999998979     
   413.91904386105671        995.41156273984109       0.79865999999998971     
   415.82102055658817        998.11324981632356       0.80018999999998974     
   417.72700781747773        1000.8185773939445       0.80171999999998966     
   419.63700283567357        1003.5275461762506       0.80324999999998969     
   421.55100281851935        1006.2401568587836       0.80477999999998973     
   423.46900498867672        1008.9564101291339       0.80630999999998965     
   425.39100658405982        1011.6763066670379       0.80783999999998957     
   427.31700485775593        1014.3998471444321       0.80936999999998960     
   429.24699707795935        1017.1270322255396       0.81089999999998952     
   431.18098052789458        1019.8578625669337       0.81242999999998944     
   433.11895250574378        1022.5923388176134       0.81395999999998947     
   435.06091032457550        1025.3304616190746       0.81548999999998939     
   437.00685131226817        1028.0722316053757       0.81701999999998931     
   438.95677281144094        1030.8176494032132       0.81854999999998934     
   440.91067217937717        1033.5667156319873       0.82007999999998926     
   442.86854678794998        1036.3194309038668       0.82160999999998929     
   444.83039402355183        1039.0757958238655       0.82313999999998921     
   446.79621128701746        1041.8358109898973       0.82466999999998913     
   448.76599599355285        1044.5994769928543       0.82619999999998928     
   450.73974557265711        1047.3667944166609       0.82772999999998920     
   452.71745746805539        1050.1377638383508       0.82925999999998912     
   454.69912913761743        1052.9123858281200       0.83078999999998915     
   456.68475805328819        1055.6906609493972       0.83231999999998907     
   458.67434170101330        1058.4725897589071       0.83384999999998899     
   460.66787758066431        1061.2581728067303       0.83537999999998902     
   462.66536320596549        1064.0474106363658       0.83690999999998894     
   464.66679610441690        1066.8403037847897       0.83843999999998886     
   466.67217381722639        1069.6368527825248       0.83996999999998889     
   468.68149389923212        1072.4370581536923       0.84149999999998881     
   470.69475391882679        1075.2409204160713       0.84302999999998884     
   472.71195145789028        1078.0484400811649       0.84455999999998876     
   474.73308411170990        1080.8596176542524       0.84608999999998868     
   476.75814948891150        1083.6744536344502       0.84761999999998872     
   478.78714521138198        1086.4929485147654       0.84914999999998875     
   480.82006891420042        1089.3151027821589       0.85067999999998867     
   482.85691824556432        1092.1409169176002       0.85220999999998870     
   484.89769086670918        1094.9703913961102       0.85373999999998862     
   486.94238445185073        1097.8035266868435       0.85526999999998854     
   488.99099668809748        1100.6403232531152       0.85679999999998857     
   491.04352527538430        1103.4807815524703       0.85832999999998849     
   493.09996792640374        1106.3249020367350       0.85985999999998852     
   495.16032236652768        1109.1726851520682       0.86138999999998844     
   497.22458633373964        1112.0241313390175       0.86291999999998836     
   499.29275757855851        1114.8792410325627       0.86444999999998839     
   501.36483386397265        1117.7380146621786       0.86597999999998831     
   503.44081296536535        1120.6004526518800       0.86750999999998823     
   505.52069267044317        1123.4665554202722       0.86903999999998827     
   507.60447077916501        1126.3363233806019       0.87056999999998819     
   509.69214510367561        1129.2097569408118       0.87209999999998811     
   511.78371346822831        1132.0868565035810       0.87362999999998825     
   513.87917370911862        1134.9676224663781       0.87515999999998817     
   515.97852367461462        1137.8520552215139       0.87668999999998809     
   518.08176122488589        1140.7401551561804       0.87821999999998812     
   520.18888423193391        1143.6319226525068       0.87974999999998804     
   522.29989057952275        1146.5273580875987       0.88127999999998807     
   524.41477816310999        1149.4264618335919       0.88280999999998799     
   526.53354488977971        1152.3292342576940       0.88433999999998791     
   528.65618867817022        1155.2356757222290       0.88586999999998794     
   530.78270745840632        1158.1457865846844       0.88739999999998787     
   532.91309917203773        1161.0595671977610       0.88892999999998779     
   535.04736177196264        1163.9770179094085       0.89045999999998782     
   537.18549322236470        1166.8981390628740       0.89198999999998774     
   539.32749149864321        1169.8229309967423       0.89351999999998766     
   541.47335458734938        1172.7513940449844       0.89504999999998780     
   543.62308048611817        1175.6835285369980       0.89657999999998772     
   545.77666720360071        1178.6193347976455       0.89810999999998764     
   547.93411275940025        1181.5588131473025       0.89963999999998767     
   550.09541518400215        1184.5019639018929       0.90116999999998759     
   552.26057251871657        1187.4487873729379       0.90269999999998762     
   554.42958281560311        1190.3992838675865       0.90422999999998754     
   556.60244413741339        1193.3534536886657       0.90575999999998746     
   558.77915455752282        1196.3112971347139       0.90728999999998750     
   560.95971215986685        1199.2728145000235       0.90881999999998742     
   563.14411503887789        1202.2380060746773       0.91034999999998734     
   565.33236129942020        1205.2068721445921       0.91187999999998737     
   567.52444905672712        1208.1794129915522       0.91340999999998729     
   569.72037643633769        1211.1556288932502       0.91493999999998721     
   571.92014157403344        1214.1355201233225       0.91646999999998724     
   574.12374261577736        1217.1190869513914       0.91799999999998716     
   576.33117771764785        1220.1063296430943       0.91952999999998708     
   578.54244504578355        1223.0972484601289       0.92105999999998722     
   580.75754277631370        1226.0918436602835       0.92258999999998714     
   582.97646909530340        1229.0901154974765       0.92411999999998717     
   585.19922219868647        1232.0920642217861       0.92564999999998709     
   587.42580029221301        1235.0976900794969       0.92717999999998701     
   589.65620159138007        1238.1069933131230       0.92870999999998705     
   591.89042432137717        1241.1199741614482       0.93023999999998697     
   594.12846671702437        1244.1366328595595       0.93176999999998689     
   596.37032702271472        1247.1569696388833       0.93329999999998692     
   598.61600349235471        1250.1809847272173       0.93482999999998684     
   600.86549438930115        1253.2086783487598       0.93635999999998676     
   603.11879798630900        1256.2400507241482       0.93788999999998679     
   605.37591256546841        1259.2751020704902       0.93941999999998671     
   607.63683641815203        1262.3138326013975       0.94094999999998674     
   609.90156784495070        1265.3562425270140       0.94247999999998677     
   612.17010515562220        1268.4023320540516       0.94400999999998669     
   614.44244666902955        1271.4521013858182       0.94553999999998672     
   616.71859071308995        1274.5055507222521       0.94706999999998664     
   618.99853562471230        1277.5626802599527       0.94859999999998657     
   621.28227974974629        1280.6234901922069       0.95012999999998660     
   623.56982144292465        1283.6879807090265       0.95165999999998652     
   625.86115906780583        1286.7561519971707       0.95318999999998644     
   628.15629099672401        1289.8280042401809       0.95471999999998647     
   630.45521561072962        1292.9035376184104       0.95624999999998639     
   632.75793129953684        1295.9827523090485       0.95777999999998631     
   635.06443646147125        1299.0656484861572       0.95930999999998634     
   637.37472950341089        1302.1522263206900       0.96083999999998626     
   639.68880884074088        1305.2424859805324       0.96236999999998629     
   642.00667289729165        1308.3364276305178       0.96389999999998621     
   644.32832010529353        1311.4340514324660       0.96542999999998613     
   646.65374890531871        1314.5353575452039       0.96695999999998627     
   648.98295774622966        1317.6403461245905       0.96848999999998620     
   651.31594508513433        1320.7490173235560       0.97001999999998612     
   653.65270938732453        1323.8613712921187       0.97154999999998615     
   655.99324912622967        1326.9774081774087       0.97307999999998607     
   658.33756278336750        1330.0971281237059       0.97460999999998599     
   660.68564884828913        1333.2205312724575       0.97613999999998602     
   663.03750581853330        1336.3476177623058       0.97766999999998594     
   665.39313219957035        1339.4783877291120       0.97919999999998586     
   667.75252650476193        1342.6128413059907       0.98072999999998589     
   670.11568725530003        1345.7509786233193       0.98225999999998581     
   672.48261298016769        1348.8927998087788       0.98378999999998584     
   674.85330221608081        1352.0383049873628       0.98531999999998576     
   677.22775350745360        1355.1874942814222       0.98684999999998568     
   679.60596540633458        1358.3403678106695       0.98837999999998583     
   681.98793647236778        1361.4969256922111       0.98990999999998575     
   684.37366527274332        1364.6571680405737       0.99143999999998567     
   686.76315038215250        1367.8210949677266       0.99296999999998570     
   689.15639038273230        1370.9887065830972       0.99449999999998562     
   691.55338386403025        1374.1600029936073       0.99602999999998554     
   693.95412942295127        1377.3349843036883       0.99755999999998557     
   696.35862566371031        1380.5136506153003       0.99908999999998549     
   698.76687119779081        1383.6960020279637        1.0006199999999854     
   701.17886464389630        1386.8820386387756        1.0021499999999854     
   703.59460462790742        1390.0717605424338        1.0036799999999855     
   706.01408978283200        1393.2651678312550        1.0052099999999855     
   708.43731874876823        1396.4622605952027        1.0067399999999853     
   710.86429017285354        1399.6630389219072        1.0082699999999853     
   713.29500270922460        1402.8675028966836        1.0097999999999854     
   715.72945501896743        1406.0756526025489        1.0113299999999852     
   718.16764577008280        1409.2874881202576        1.0128599999999852     
   720.60957363743660        1412.5030095283080        1.0143899999999852     
   723.05523730271875        1415.7222169029710        1.0159199999999851     
   725.50463545439902        1418.9451103183033        1.0174499999999851     
   727.95776678768846        1422.1716898461768        1.0189799999999851     
   730.41463000449232        1425.4019555562904        1.0205099999999849     
   732.87522381336862        1428.6359075161897        1.0220399999999850     
   735.33954692949555        1431.8735457912994        1.0235699999999850     
   737.80759807461470        1435.1148704449231        1.0250999999999850     
   740.27937597700281        1438.3598815382779        1.0266299999999851     
   742.75487937142441        1441.6085791305049        1.0281599999999849     
   745.23410699909505        1444.8609632786940        1.0296899999999849     
   747.71705760763803        1448.1170340378983        1.0312199999999849     
   750.20372995104412        1451.3767914611535        1.0327499999999847     
   752.69412278963694        1454.6402355995008        1.0342799999999848     
   755.18823489002489        1457.9073665019946        1.0358099999999848     
   757.68606502507077        1461.1781842157327        1.0373399999999846     
   760.18761197384640        1464.4526887858647        1.0388699999999846     
   762.69287452159892        1467.7308802556197        1.0403999999999847     
   765.20185145970515        1471.0127586663084        1.0419299999999845     
   767.71454158564245        1474.2983240573581        1.0434599999999845     
   770.23094370294461        1477.5875764663201        1.0449899999999845     
   772.75105662116437        1480.8805159288831        1.0465199999999844     
   775.27487915583913        1484.1771424789019        1.0480499999999846     
   777.80241012845215        1487.4774561484062        1.0495799999999844     
   780.33364836639316        1490.7814569676145        1.0511099999999844     
   782.86859270292541        1494.0891449649575        1.0526399999999845     
   785.40724197714917        1497.4005201670955        1.0541699999999843     
   787.94959503396228        1500.7155825989248        1.0556999999999843     
   790.49565072402584        1504.0343322836034        1.0572299999999843     
   793.04540790372823        1507.3567692425584        1.0587599999999842     
   795.59886543515177        1510.6828934955147        1.0602899999999842     
   798.15602218603317        1514.0127050604920        1.0618199999999842     
   800.71687702973270        1517.3462039538397        1.0633499999999840     
   803.28142884519843        1520.6833901902403        1.0648799999999841     
   805.84967651692614        1524.0242637827203        1.0664099999999841     
   808.42161893493653        1527.3688247426860        1.0679399999999839     
   810.99725499472925        1530.7170730799144        1.0694699999999839     
   813.57658359725565        1534.0690088025792        1.0709999999999840     
   816.15960364888463        1537.4246319172701        1.0725299999999840     
   818.74631406136609        1540.7839424289957        1.0740599999999840     
   821.33671375180177        1544.1469403412075        1.0755899999999838     
   823.93080164260789        1547.5136256558083        1.0771199999999839     
   826.52857666148714        1550.8839983731698        1.0786499999999839     
   829.13003774139418        1554.2580584921470        1.0801799999999837     
   831.73518382050031        1557.6358060100883        1.0817099999999837     
   834.34401384216744        1561.0172409228530        1.0832399999999838     
   836.95652675490840        1564.4023632248177        1.0847699999999836     
   839.57272151236396        1567.7911729089037        1.0862999999999836     
   842.19259707326523        1571.1836699665776        1.0878299999999836     
   844.81615240140536        1574.5798543878702        1.0893599999999835     
   847.44338646560595        1577.9797261613865        1.0908899999999835     
   850.07429823968835        1581.3832852743233        1.0924199999999835     
   852.70888670244449        1584.7905317124792        1.0939499999999835     
   855.34715083760091        1588.2014654602649        1.0954799999999834     
   857.98908963379506        1591.6160865007218        1.0970099999999834     
   860.63470208454260        1595.0343948155328        1.0985399999999834     
   863.28398718820392        1598.4563903850267        1.1000699999999832     
   865.93694394796137        1601.8820731882033        1.1015999999999833     
   868.59357137178677        1605.3114432027394        1.1031299999999833     
   871.25386847240918        1608.7445004049978        1.1046599999999831     
   873.91783426729319        1612.1812447700470        1.1061899999999831     
   876.58546777860181        1615.6216762716647        1.1077199999999832     
   879.25676803317265        1619.0657948823541        1.1092499999999830     
   881.93173406248809        1622.5136005733548        1.1107799999999830     
   884.61036490265190        1625.9650933146625        1.1123099999999830     
   887.29265959435111        1629.4202730750196        1.1138399999999831     
   889.97861718283843        1632.8791398219503        1.1153699999999829     
   892.66823671789723        1636.3416935217556        1.1168999999999831     
   895.36151725382047        1639.8079341395360        1.1184299999999832     
   898.05845784937605        1643.2778616391890        1.1199599999999830     
   900.75905756778775        1646.7514759834337        1.1214899999999830     
   903.46331547670241        1650.2287771338165        1.1230199999999830     
   906.17123064816349        1653.7097650507149        1.1245499999999828     
   908.88280215859015        1657.1944396933618        1.1260799999999829     
   911.59802908874303        1660.6828010198444        1.1276099999999829     
   914.31691052370661        1664.1748489871247        1.1291399999999827     
   917.03944555285307        1667.6705835510359        1.1306699999999827     
   919.76563326982659        1671.1700046663086        1.1321999999999828     
   922.49547277251088        1674.6731122865719        1.1337299999999826     
   925.22896316300660        1678.1799063643632        1.1352599999999826     
   927.96610354760708        1681.6903868511458        1.1367899999999826     
   930.70689303676772        1685.2045536973069        1.1383199999999825     
   933.45133074508988        1688.7224068521796        1.1398499999999825     
   936.19941579128636        1692.2439462640434        1.1413799999999825     
   938.95114729816601        1695.7691718801434        1.1429099999999823     
   941.70652439260073        1699.2980836466863        1.1444399999999824     
   944.46554620550808        1702.8306815088638        1.1459699999999824     
   947.22821187182319        1706.3669654108560        1.1474999999999822     
   949.99452053047764        1709.9069352958411        1.1490299999999822     
   952.76447132437147        1713.4505911060007        1.1505599999999823     
   955.53806340035464        1716.9979327825390        1.1520899999999821     
   958.31529590919911        1720.5489602656812        1.1536199999999821     
   961.09616800557922        1724.1036734946886        1.1551499999999821     
   963.88067884804525        1727.6620724078678        1.1566799999999822     
   966.66882759900250        1731.2241569425782        1.1582099999999820     
   969.46061342468954        1734.7899270352395        1.1597399999999820     
   972.25603549515085        1738.3593826213398        1.1612699999999820     
   975.05509298422044        1741.9325236354512        1.1627999999999818     
   977.85778506949373        1745.5093500112287        1.1643299999999821     
   980.66411093231068        1749.0898616814259        1.1658599999999821     
   983.47406975772878        1752.6740585779010        1.1673899999999819     
   986.28766073450458        1756.2619406316242        1.1689199999999820     
   989.10488305506931        1759.8535077726847        1.1704499999999820     
   991.92573591551150        1763.4487599303086        1.1719799999999818     
   994.75021851555039        1767.0476970328521        1.1735099999999818     
   997.57833005851739        1770.6503190078208        1.1750399999999819     
   1000.4100697513343        1774.2566257818728        1.1765699999999817     
   1003.2454368044916        1777.8666172808271        1.1780999999999817     
   1006.0844304320299        1781.4802934296756        1.1796299999999817     
   1008.9270498515173        1785.0976541525856        1.1811599999999816     
   1011.7732942840285        1788.7186993729110        1.1826899999999816     
   1014.6231629541235        1792.3434290131954        1.1842199999999816     
   1017.4766550898318        1795.9718429951859        1.1857499999999814     
   1020.3337699226237        1799.6039412398343        1.1872799999999815     
   1023.1945066874024        1803.2397236673146        1.1888099999999815     
   1026.0588646224703        1806.8791901970151        1.1903399999999813     
   1028.9268429695244        1810.5223407475653        1.1918699999999813     
   1031.7984409736168        1814.1691752368181        1.1933999999999814     
   1034.6736578831565        1817.8196935818844        1.1949299999999814     
   1037.5524929498738        1821.4738956991166        1.1964599999999812     
   1040.4349454288131        1825.1317815041375        1.1979899999999812     
   1043.3210145783055        1828.7933509118288        1.1995199999999813     
   1046.2106996599471        1832.4586038363439        1.2010499999999811     
   1049.1039999385948        1836.1275401911225        1.2025799999999811     
   1052.0009146823302        1839.8001598888868        1.2041099999999811     
   1054.9014431624526        1843.4764628416533        1.2056399999999809     
   1057.8055846534544        1847.1564489607385        1.2071699999999810     
   1060.7133384330095        1850.8401181567742        1.2086999999999810     
   1063.6247037819426        1854.5274703396885        1.2102299999999808     
   1066.5396799842270        1858.2185054187519        1.2117599999999811     
   1069.4582663269557        1861.9132233025475        1.2132899999999811     
   1072.3804621003223        1865.6116238989916        1.2148199999999809     
   1075.3062665976133        1869.3137071153499        1.2163499999999809     
   1078.2356791151801        1873.0194728582233        1.2178799999999810     
   1081.1686989524280        1876.7289210335750        1.2194099999999808     
   1084.1053254117951        1880.4420515467184        1.2209399999999808     
   1087.0455577987391        1884.1588643023422        1.2224699999999808     
   1089.9893954217116        1887.8793592044938        1.2239999999999807     
   1092.9368375921547        1891.6035361566119        1.2255299999999807     
   1095.8878836244694        1895.3313950615059        1.2270599999999807     
   1098.8425328360079        1899.0629358213798        1.2285899999999805     
   1101.8007845470554        1902.7981583378357        1.2301199999999806     
   1104.7626380808108        1906.5370625118721        1.2316499999999806     
   1107.7280927633733        1910.2796482438966        1.2331799999999804     
   1110.6971479237252        1914.0259154337334        1.2347099999999804     
   1113.6698028937108        1917.7758639806157        1.2362399999999805     
   1116.6460570080289        1921.5294937832093        1.2377699999999805     
   1119.6259096042088        1925.2868047396055        1.2392999999999803     
   1122.6093600226015        1929.0477967473353        1.2408299999999803     
   1125.5964076063560        1932.8124697033663        1.2423599999999804     
   1128.5870517014096        1936.5808235041143        1.2438899999999802     
   1131.5812916564712        1940.3528580454497        1.2454199999999802     
   1134.5791268230037        1944.1285732226991        1.2469499999999802     
   1137.5805565552064        1947.9079689306459        1.2484799999999801     
   1140.5855802100082        1951.6910450635517        1.2500099999999801     
   1143.5941971470436        1955.4778015151428        1.2515399999999801     
   1146.6064067286402        1959.2682381786276        1.2530699999999799     
   1149.6222083198074        1963.0623549467011        1.2545999999999800     
   1152.6416012882171        1966.8601517115437        1.2561299999999802     
   1155.6645850041887        1970.6616283648311        1.2576599999999798     
   1158.6911588406761        1974.4667847977357        1.2591899999999800     
   1161.7213221732552        1978.2756209009403        1.2607199999999801     
   1164.7550743800998        1982.0881365646242        1.2622499999999799     
   1167.7924148419863        1985.9043316784998        1.2637799999999799     
   1170.8333429422562        1989.7242061317822        1.2653099999999800     
   1173.8778580668168        1993.5477598132165        1.2668399999999798     
   1176.9259596041252        1997.3749926110791        1.2683699999999798     
   1179.9776469451658        2001.2059044131720        1.2698999999999798     
   1183.0329194834480        2005.0404951068410        1.2714299999999796     
   1186.0917766149873        2008.8787645789782        1.2729599999999797     
   1189.1542177382848        2012.7207127160102        1.2744899999999797     
   1192.2202422543278        2016.5663394039329        1.2760199999999797     
   1195.2898495665595        2020.4156445282824        1.2775499999999795     
   1198.3630390808803        2024.2686279741683        1.2790799999999796     
   1201.4398102056255        2028.1252896262574        1.2806099999999796     
   1204.5201623515570        2031.9856293687972        1.2821399999999794     
   1207.6040949318428        2035.8496470855985        1.2836699999999794     
   1210.6916073620512        2039.7173426600536        1.2851999999999795     
   1213.7826990601336        2043.5887159751417        1.2867299999999793     
   1216.8773694464167        2047.4637669134322        1.2882599999999793     
   1219.9756179435788        2051.3424953570743        1.2897899999999793     
   1223.0774439766490        2055.2249011878248        1.2913199999999792     
   1226.1828469729901        2059.1109842870433        1.2928499999999792     
   1229.2918263622785        2063.0007445356773        1.2943799999999792     
   1232.4043815765033        2066.8941818142971        1.2959099999999790     
   1235.5205120499490        2070.7912960030840        1.2974399999999791     
   1238.6402172191806        2074.6920869818346        1.2989699999999791     
   1241.7634965230318        2078.5965546299649        1.3004999999999789     
