1.0396730026695845e-09 9.306181188852793e-06 1e-08
1.066204719845739e-09 9.483234628988307e-06 1.019023678372861e-08
1.0934248233744476e-09 9.663656733019155e-06 1.038409257084556e-08
1.1213510026052723e-09 9.847511597680373e-06 1.0581636208107341e-08
1.1500013401876303e-09 1.0034864539288758e-05 1.0782937851988996e-08
1.1793944124557048e-09 1.0225782117110049e-05 1.0988068993599785e-08
1.2095493908145045e-09 1.0420332157147092e-05 1.1197102484072831e-08
1.2404859183867136e-09 1.0618583776024788e-05 1.1410112560437795e-08
1.2722240090040347e-09 1.082060740546722e-05 1.1627174871985705e-08
1.3047841245654347e-09 1.1026474817393146e-05 1.1848366507135373e-08
1.3381873017073788e-09 1.1236259149513576e-05 1.2073766020810894e-08
1.3724552629451075e-09 1.145003493144182e-05 1.2303453462339979e-08
1.4076102298416622e-09 1.1667878110963905e-05 1.2537510403883e-08
1.4436748180933282e-09 1.1889866080789511e-05 1.2776019969402868e-08
1.480672148773006e-09 1.2116077706220753e-05 1.3019066864186036e-08
1.5186260224011465e-09 1.2346593353470063e-05 1.3266737404925083e-08
1.557561027620119e-09 1.2581494918359183e-05 1.3519119550373582e-08
1.5975022717239502e-09 1.2820865854971432e-05 1.3776302932584146e-08
1.6384753096191999e-09 1.306479120524097e-05 1.4038378888740728e-08
1.6805062804005105e-09 1.3313357629321911e-05 1.4305440493596493e-08
1.7236221092230108e-09 1.3566653436603974e-05 1.4577582592528775e-08
1.7678506012715981e-09 1.3824768617221092e-05 1.485490183522286e-08
1.8132200921179623e-09 1.408779487353248e-05 1.513749670999656e-08
1.859759389442551e-09 1.4355825652568151e-05 1.5425467578777776e-08
1.907497964097591e-09 1.4628956179516285e-05 1.571891671274744e-08
1.956466224403517e-09 1.4907283491975534e-05 1.6017948328660538e-08
2.006695556302668e-09 1.5190906474479448e-05 1.6322668625858083e-08
2.058217882749664e-09 1.5479925892908244e-05 1.6633185823983196e-08
2.111065666103048e-09 1.577444443027235e-05 1.6949610201414682e-08
2.1652721321047194e-09 1.6074566723537235e-05 1.727205413443176e-08
2.2208715810411987e-09 1.638039940128913e-05 1.760063213712383e-08
2.2778993642319067e-09 1.6692051121570822e-05 1.7935460902059515e-08
2.336391358120824e-09 1.700963260960861e-05 1.827665934172932e-08
2.3963840105596727e-09 1.73332566972133e-05 1.8624348630776724e-08
2.4579146391599863e-09 1.7663038363347096e-05 1.8978652249032652e-08
2.521021822782892e-09 1.7999094775601827e-05 1.9339696025368626e-08
2.5857452379250348e-09 1.8341545331540724e-05 1.9707608182384138e-08
2.6521250748056933e-09 1.869051170016461e-05 2.0082519381944177e-08
2.7202021577295086e-09 1.904611786532245e-05 2.0464562771583032e-08
2.790018291302205e-09 1.9408490170307146e-05 2.0853874031790846e-08
2.861616689970969e-09 1.9777757363442977e-05 2.1250591424199796e-08
2.9350416632663664e-09 2.0154050643332583e-05 2.165485584068685e-08
3.0103379895815625e-09 2.053750370435674e-05 2.206681085341075e-08
3.087551106818494e-09 2.092825278449781e-05 2.2486602765800794e-08
3.1667275394185467e-09 2.132643671452139e-05 2.291438066451568e-08
3.2479153756894003e-09 2.173219696817546e-05 2.3350296472390727e-08
3.331163728667385e-09 2.2145677711498207e-05 2.3794505002392438e-08
3.416522076564817e-09 2.2567025852912407e-05 2.4247164012599378e-08
3.5040405341248717e-09 2.299639109593574e-05 2.470843426222908e-08
3.5937703832117902e-09 2.3433925993336443e-05 2.5178479568730706e-08
3.685764582010095e-09 2.3879786002287012e-05 2.565746686596389e-08
3.78007694392861e-09 2.4334129538218874e-05 2.6145566263484327e-08
3.876761561180936e-09 2.479711803009272e-05 2.6642951106957176e-08
3.975873180840242e-09 2.5268915978511572e-05 2.7149798039719794e-08
4.077467828887466e-09 2.574969101541407e-05 2.766628706551555e-08
4.181603326434099e-09 2.623961396468082e-05 2.819260161242116e-08
4.2883383019618395e-09 2.6738858901055547e-05 2.872892859799006e-08
4.397731743451868e-09 2.7247603211211306e-05 2.9275458495635115e-08
4.509843659517984e-09 2.776602765794776e-05 2.983238540227412e-08
4.624736137881033e-09 2.8294316446224927e-05 3.039990710726221e-08
4.742474158167106e-09 2.8832657289866975e-05 3.097822516263562e-08
4.8631247218878305e-09 2.938124147612287e-05 3.156754495469167e-08
4.9867571965962144e-09 2.994026393339634e-05 3.2168075776930556e-08
5.113444729578517e-09 3.0509923302061555e-05 3.2780030904384704e-08
5.243266003558445e-09 3.109042200699934e-05 3.3403627669362164e-08
5.376306416453168e-09 3.168196633014191e-05 3.4039087538630914e-08
5.51265711886365e-09 3.228476648014339e-05 3.468663619207148e-08
5.652414961362779e-09 3.289903666564363e-05 3.5346503602825887e-08
5.795682939276206e-09 3.3524995171673786e-05 3.601892411897122e-08
5.942570410444455e-09 3.416286443807133e-05 3.670413654674702e-08
6.093191748984639e-09 3.481287113735921e-05 3.74023842353659e-08
6.247662875931422e-09 3.547524625037804e-05 3.811391516343767e-08
6.406099887809529e-09 3.6150225147882595e-05 3.883898202703742e-08
6.568618901848299e-09 3.6838047676117776e-05 3.9577842329449105e-08
6.735336737368722e-09 3.753895824514792e-05 4.033075847261635e-08
6.90637068311367e-09 3.825320591595028e-05 4.1097997850332945e-08
7.081836683161549e-09 3.8981044485359784e-05 4.1879832943206214e-08
7.26184994222908e-09 3.972273257732224e-05 4.267654141542692e-08
7.44652655415675e-09 4.0478533737569584e-05 4.348840621338007e-08
7.635985504399726e-09 4.1248716530684614e-05 4.431571566613174e-08
7.830348415069027e-09 4.2033554634468915e-05 4.5158763587827394e-08
8.029737544960696e-09 4.283332693238939e-05 4.6017849382038286e-08
8.234276547408917e-09 4.364831761371456e-05 4.689327814809294e-08
8.444092107907124e-09 4.4478816277542274e-05 4.7785360789431375e-08
8.659315862692632e-09 4.53251180393763e-05 4.869441412402064e-08
8.88008317221637e-09 4.6187523633025486e-05 4.962076099687091e-08
9.106530852390435e-09 4.706633951249034e-05 5.0564730394691985e-08
9.33879803193303e-09 4.7961877962424974e-05 5.1526657562731026e-08
9.57702787780836e-09 4.887445721247297e-05 5.2506884123832965e-08
9.821369481450694e-09 4.9804401554163394e-05 5.3505758199765844e-08
1.007197582102906e-08 5.07520414517764e-05 5.4523634534854264e-08
1.0329001581299453e-08 5.1717713654619944e-05 5.556087462196475e-08
1.0592604232308745e-08 5.2701761318996597e-05 5.6617846830887866e-08
1.0862945983668653e-08 5.370453413453578e-05 5.769492653916259e-08
1.114019569730761e-08 5.472638845259676e-05 5.879249626538945e-08
1.1424526004492515e-08 5.576768740628616e-05 5.991094580507984e-08
1.171611112585038e-08 5.682880103502612e-05 6.105067236908959e-08
1.2015128342905627e-08 5.7910106419071336e-05 6.221208072468607e-08
1.2321760482503457e-08 5.901198781855645e-05 6.339558333929896e-08
1.2636197782945948e-08 6.01348368140415e-05 6.460160052700569e-08
1.2958633834970339e-08 6.127905243708208e-05 6.583056059780349e-08
1.3289263844122003e-08 6.24450413078992e-05 6.708290000972125e-08
1.362828638942416e-08 6.363321778395319e-05 6.835906352382497e-08
1.3975906259944482e-08 6.484400411366417e-05 6.965950436217218e-08
1.4332338965067618e-08 6.607783058973489e-05 7.098468436877106e-08
1.4697807092235783e-08 6.733513569077489e-05 7.233507417360161e-08
1.5072535785334372e-08 6.861636623454564e-05 7.371115335975725e-08
1.5456754815416382e-08 6.992197754157824e-05 7.511341063376592e-08
1.5850702014597116e-08 7.125243360424065e-05 7.654234399915131e-08
1.625462436892276e-08 7.260820725405419e-05 7.799846093329605e-08
1.666877224051229e-08 7.398978031652025e-05 7.948227856766924e-08
1.7093398804969255e-08 7.53976437805614e-05 8.099432387148271e-08
1.752876276786332e-08 7.683229797920506e-05 8.253513383884114e-08
1.797513226195708e-08 7.829425277640452e-05 8.410525567945229e-08
1.8432785196031487e-08 7.978402774862522e-05 8.570524701296542e-08
1.8902002580577998e-08 8.130215235411325e-05 8.73356760670067e-08
1.9383068561900724e-08 8.284916612115023e-05 8.89971218789818e-08
1.9876273830157328e-08 8.442561884705833e-05 9.069017450171787e-08
2.0381920300986604e-08 8.603207080372006e-05 9.241543521301717e-08
2.0900320108259117e-08 8.766909293465393e-05 9.417351672919757e-08
2.1431788370388365e-08 8.933726704048573e-05 9.596504342269506e-08
2.1976644146449e-08 9.103718598740297e-05 9.779065154380607e-08
2.2535214302441142e-08 9.276945392722534e-05 9.965098944664796e-08
2.3107838554434785e-08 9.453468652433979e-05 1.0154671781941834e-07
2.3694867026491252e-08 9.6333511167913e-05 1.0347850991903465e-07
2.4296652697751203e-08 9.81665671771177e-05 1.0544705181023726e-07
2.4913553142089824e-08 0.00010003450603229765 1.0745304260924161e-07
2.5545935222203296e-08 0.00010193799161681913 1.0949719473202515e-07
2.6194180765580913e-08 0.00010387770046577598 1.1158023414733774e-07
2.685868201019177e-08 0.00010585432199602853 1.1370290063452522e-07
2.753983405458162e-08 0.00010786855873239442 1.1586594804625779e-07
2.8238037590432988e-08 0.00010992112656346741 1.1807014457625644e-07
2.8953704482735135e-08 0.00011201275500953219 1.2031627303211233e-07
2.9687263809890947e-08 0.00011414418749634264 1.226051311132966e-07
3.0439154954731686e-08 0.00011631618160179242 1.2493753169445838e-07
3.120982056173802e-08 0.000118529509307906 1.2731430311411287e-07
3.199971029284622e-08 0.00012078495728366023 1.2973628946882067e-07
3.2809287468323354e-08 0.0001230833271798141 1.322043509129639e-07
3.3639035225918645e-08 0.00012542543592824467 1.34719363964225e-07
3.448944708588951e-08 0.0001278121160088335 1.3728222181487683e-07
3.5361021023708364e-08 0.0001302442157291442 1.3989383464899482e-07
3.625426434165748e-08 0.00013272259953719294 1.4255512996570347e-07
3.7169701450164575e-08 0.00013524814834750795 1.452670529085724e-07
3.810787979204389e-08 0.00013782175986819118 1.4803056660127846e-07
3.90693579141319e-08 0.00014044434888828422 1.5084665248965356e-07
4.00547007088656e-08 0.0001431168475893497 1.5371631069023946e-07
4.10644857018993e-08 0.00014584020589102873 1.5664056034547334e-07
4.209931253432668e-08 0.00014861539181112779 1.5962043998563035e-07
4.3159808102151726e-08 0.00015144339182104858 1.6265700789765155e-07
4.4246611820447816e-08 0.00015432521115729808 1.657513425009884e-07
4.5360372735872793e-08 0.00015726187416987834 1.689045427305971e-07
4.650175694333729e-08 0.0001602544247031251 1.7211772842721914e-07
4.767145828398086e-08 0.00016330392649168958 1.7539204073508598e-07
4.887020169956776e-08 0.00016641146354612834 1.7872864250718997e-07
5.0098725920510745e-08 0.0001695781404915735 1.8212871871826484e-07
5.135778211652689e-08 0.00017280508295410745 1.8559347688562238e-07
5.264814234288051e-08 0.00017609343798257693 1.891241474979955e-07
5.397061137644965e-08 0.00017944437448810815 1.9272198445253888e-07
5.5326026986645725e-08 0.0001828590836593008 1.9638826550014347e-07
5.6715239911678127e-08 0.0001863387793324169 2.0012429269922223e-07
5.813911406765919e-08 0.0001898846984243144 2.0393139287812855e-07
5.9598536020192856e-08 0.00019349810139667996 2.0781091810637162e-07
6.109442802669752e-08 0.00019718027273798831 2.1176424617479616e-07
6.262774421662363e-08 0.00020093252141185206 2.1579278108489682e-07
6.419944880554419e-08 0.00020475618126455868 2.1989795354744114e-07
6.581051842756543e-08 0.00020865261150552632 2.24081221490578e-07
6.746195308298456e-08 0.00021262319722177952 2.2834407057761258e-07
6.915479051884955e-08 0.00021666934991122031 2.326880147346309e-07
7.089009778042655e-08 0.0002207925079615593 2.3711459668816208e-07
7.266894845229606e-08 0.0002249941371015242 2.4162538851306826e-07
7.449242739886496e-08 0.00022927573093607418 2.462219921908585e-07
7.636164403642379e-08 0.00023363881151356028 2.509060401786225e-07
7.827774827496293e-08 0.00023808492991037142 2.556791959887888e-07
8.024191557993591e-08 0.00024261566674439196 2.605431547799112e-07
8.225532538111745e-08 0.00024723263267593053 2.654996439586947e-07
8.43192061751894e-08 0.0002519374689991583 2.7055042379347404e-07
8.643486808126408e-08 0.00025673184826801497 2.756972880393623e-07
8.860367697051923e-08 0.00026161747493991515 2.809420645752932e-07
9.082703005842627e-08 0.0002665960859227692 2.862866160531811e-07
9.310633527957934e-08 0.0002716694511363133 2.9173284055943155e-07
9.544302194333821e-08 0.00027683937416994717 2.972826722890353e-07
9.783855988419261e-08 0.0002821076929749432 3.029380822324866e-07
1.0029447705213405e-07 0.00028747628056476575 3.087010788757687e-07
1.0281233097706937e-07 0.00029294704560119296 3.145737089136565e-07
1.0539369111627202e-07 0.0002985219330210273 3.2055805797658785e-07
1.0804015298917903e-07 0.0003042029247652087 3.266562513713634e-07
1.1075336115325106e-07 0.00030999204054569976 3.3287045483593665e-07
1.1353502590431445e-07 0.00031589133860752505 3.392028753085635e-07
1.1638688660460009e-07 0.0003219029163552803 3.456557617115833e-07
1.1931069780408498e-07 0.0003280289110578902 3.522314057501107e-07
1.223082467176554e-07 0.0003342715006547247 3.5893214272592146e-07
1.2538138004143633e-07 0.00034063290460190955 3.6576035236682124e-07
1.2853201760457772e-07 0.0003471153846966342 3.72718459671792e-07
1.3176210753308392e-07 0.0003537212457539961 3.798089357722164e-07
1.3507361688801022e-07 0.0003604528363979684 3.8703429880948553e-07
1.3846855268132946e-07 0.0003673125499524075 3.94397114829303e-07
1.4194899293524608e-07 0.0003743028253756858 4.0189999869299996e-07
1.4551709507184602e-07 0.00038142614814898904 4.0954561500618894e-07
1.49175043159766e-07 0.0003886850510097188 4.173366790650822e-07
1.529250438285641e-07 0.0003960821148375886 4.2527595782081416e-07
1.5676935143497277e-07 0.0004036199696410183 4.3336627086210774e-07
1.60710303957451e-07 0.00041130129559111656 4.416104914166346e-07
1.6475032307353916e-07 0.00041912882397221387 4.5001154737142574e-07
1.688918548459904e-07 0.0004271053379832408 4.5857242231269334e-07
1.7313737203081712e-07 0.0004352336737318987 4.672961565854338e-07
1.7748940357986996e-07 0.00044351672132415245 4.761858483731892e-07
1.8195057488616643e-07 0.0004519574260028942 4.852446547983486e-07
1.8652359651206345e-07 0.00046055878916172584 4.944757930433823e-07
1.912112004281672e-07 0.00046932386922835835 5.038825414934051e-07
1.9601614888896498e-07 0.00047825578277467675 5.134682409004754e-07
2.0094126901148777e-07 0.0004873577057222506 5.232362955700448e-07
2.0598949731299136e-07 0.0004966328745978055 5.331901745699764e-07
2.1116385342979256e-07 0.0005060845876064577 5.433334129625653e-07
2.164673740861163e-07 0.0005157162056166053 5.536696130599941e-07
2.219031290137668e-07 0.0005255311533995036 5.642024457036737e-07
2.274742613454015e-07 0.000535532920959386 5.74935651567922e-07
2.3318403540251612e-07 0.0005457250649083035 5.858730424884414e-07
2.390357917821552e-07 0.000556111209604712 5.97018502816071e-07
2.450328817965709e-07 0.0005666950482509918 6.083759907962909e-07
2.5117869054747653e-07 0.0005774803442725503 6.199495399749702e-07
2.5747668414292224e-07 0.0005884709327943091 6.317432606308573e-07
2.6393045901594077e-07 0.000599670722148754 6.437613412353211e-07
2.70543675175111e-07 0.0006110836950710787 6.560080499398634e-07
2.773199958455071e-07 0.0006227139099429714 6.68487736091927e-07
2.842631181813751e-07 0.0006345655023238681 6.81204831779542e-07
2.913768277672374e-07 0.0006466426865771686 6.941638534053548e-07
2.9866504673747394e-07 0.000658949757508202 7.073694032906042e-07
3.06131746282889e-07 0.0006714910916365133 7.208261713096072e-07
3.137808953313365e-07 0.0006842711485920816 7.345389365553419e-07
3.2161650276390096e-07 0.0006972944728181144 7.485125690367142e-07
3.296426864765079e-07 0.0007105656953816939 7.627520314081124e-07
3.378637240022875e-07 0.0007240895357516382 7.772623807318666e-07
3.462839512159679e-07 0.0007378708031482283 7.920487702742341e-07
3.5490773681971215e-07 0.0007519143981420458 8.07116451335551e-07
3.637395531206675e-07 0.0007662253145450317 8.224707751152036e-07
3.727840807808365e-07 0.0007808086414146547 8.381171946120729e-07
3.8204628163233563e-07 0.0007956695649844045 8.540612665611376e-07
3.9153129220457655e-07 0.0008108133701220892 8.703086534069149e-07
4.0124408073433774e-07 0.0008262454419433878 8.868651253144458e-07
4.111894168145685e-07 0.0008419712678691603 9.037365622185348e-07
4.213721183736357e-07 0.000857996439938679 9.209289559119753e-07
4.3179705284916873e-07 0.0008743266568399286 9.384484121734994e-07
4.42468959113785e-07 0.0008909677254605643 9.5630115293621e-07
4.533924042712283e-07 0.0009079255629085756 9.744935184972648e-07
4.645718143456329e-07 0.0009252061987999681 9.930319697695945e-07
4.7601152518615774e-07 0.0009428157776697107 1.0119230905764598e-06
4.877157181336483e-07 0.0009607605611183453 1.0311735899896578e-06
4.996881727087484e-07 0.0009790469294927073 1.0507903047122094e-06
5.119321750412631e-07 0.000997681384129918 1.070780201506375e-06
5.244504798176443e-07 0.001016670549876214 1.0911503796678596e-06
5.372452739900455e-07 0.0010360211777323952 1.1119080735470861e-06
5.503179450869191e-07 0.001055740147070679 1.1330606551184333e-06
5.63668619157998e-07 0.0010758344674550236 1.15461563659835e-06
5.772958366406153e-07 0.0010963112811321208 1.1765806731132728e-06
5.91196218915671e-07 0.001117177865788293 1.1989635654183038e-06
6.053640586877589e-07 0.0011384416374673003 1.2217722626676003e-06
6.197904983791793e-07 0.0011601101529835948 1.2450148652374716e-06
6.344624449631007e-07 0.0011821911122245 1.2686996276031803e-06
6.49361630521247e-07 0.001204692361549607 1.2928349612704716e-06
6.64463873855258e-07 0.0012276218981207327 1.3174294377628712e-06
6.797391537013305e-07 0.0012509878755331335 1.3424917916658111e-06
6.951539301390544e-07 0.0012747986104102082 1.3680309237286676e-06
7.106793170142564e-07 0.0012990625898716178 1.3940559040258094e-06
7.263038291804907e-07 0.0013237884739730602 1.4205759751777846e-06
7.41915725824431e-07 0.0013489850699239438 1.4476005556337798e-06
7.567928060916282e-07 0.001374661361243868 1.475139243016532e-06
7.71066682493227e-07 0.001400826853531547 1.503201817530864e-06
7.87725939376154e-07 0.0014274907506535766 1.5317982454370713e-06
8.059368905229423e-07 0.0014546622200269739 1.5609386825903789e-06
8.25078444878419e-07 0.0014823509141222522 1.5906334780477358e-06
8.449526861158626e-07 0.0015105666941905157 1.620893177743221e-06
8.654821067503523e-07 0.0015393196064849171 1.6517285282333725e-06
8.866330551212706e-07 0.0015686198852253167 1.6831504805137634e-06
9.083915658401882e-07 0.0015984779575096307 1.7151701939081835e-06
9.307540104510997e-07 0.001628904448209295 1.7477990400318102e-06
9.537228865361404e-07 0.0016599101844885064 1.7810486068297707e-06
9.773043376142883e-07 0.001691506198915809 1.8149307026925326e-06
1.001506840319205e-06 0.0017237037332072736 1.849457360649586e-06
1.026340633059316e-06 0.001756514242735859 1.884640842642904e-06
1.0518174798538484e-06 0.001789949401320821 1.9204936438817e-06
1.0779505818337276e-06 0.0018240211057174173 1.9570284972800295e-06
1.104754770727389e-06 0.0018587414786901673 1.994258377978808e-06
1.1322456040361736e-06 0.001894122873148225 2.0321965079538607e-06
1.1604389820932303e-06 0.0019301778770953015 2.0708563607116263e-06
1.1893514051850104e-06 0.0019669193188963517 2.1102516660741977e-06
1.2190000409265935e-06 0.0020043602719839156 2.1503964150553875e-06
1.2494023454632876e-06 0.002042514058154471 2.191304864829554e-06
1.2805760512171815e-06 0.0020813942522389154 2.232991543794957e-06
1.31253935953523e-06 0.0021210146875439363 2.2754712567334306e-06
1.345311210006663e-06 0.002161389461643685 2.3187590900682173e-06
1.3789112667540607e-06 0.002202532941330726 2.3628704172218227e-06
1.413359482246575e-06 0.002244459766231404 2.4078209040757985e-06
1.4486761264920459e-06 0.002287184854082062 2.453626514534388e-06
1.4848820115450568e-06 0.002330723406777659 2.5003035161940142e-06
1.52199879534102e-06 0.002375090916787911 2.5478684861206226e-06
1.560048882709374e-06 0.002420303172298123 2.596338316736929e-06
1.5990549577450238e-06 0.0024663762612145246 2.645730221821668e-06
1.6390400647679317e-06 0.002513326577137391 2.6960617426229612e-06
1.6800278787665262e-06 0.0025611708260744014 2.7473507540879957e-06
1.722043050575211e-06 0.0026099260335004644 2.799615471211203e-06
1.7651109955912978e-06 0.002659609549654213 2.852874455503211e-06
1.8092574038681596e-06 0.0027102390540957176 2.907146621582855e-06
1.8545083811899094e-06 0.002761832562428059 2.9624512438945967e-06
1.9008907805163666e-06 0.0028144084337263205 3.0188079635537287e-06
1.9484325883956613e-06 0.0028679853782543805 3.0762367953218065e-06
1.9971625628292335e-06 0.002922582462924045 3.1347581347147696e-06
2.0471097453228097e-06 0.002978219116495055 3.1943927652462924e-06
2.098303670574139e-06 0.0030349151371110183 3.255161865808932e-06
2.1507747682498914e-06 0.003092690700567486 3.3170870181956833e-06
2.204554774431517e-06 0.0031515663687299955 3.3801902147646307e-06
2.2596761909819987e-06 0.003211563095100758 3.444493866249405e-06
2.3161718295137557e-06 0.003272702230835068 3.5100208097182258e-06
2.374075095211429e-06 0.0033350055331602116 3.576794316684354e-06
2.4334204702008995e-06 0.0033984951745433434 3.6448381013708343e-06
2.494243920750316e-06 0.0034631937517797494 3.7141763291324628e-06
2.556582162845806e-06 0.0035291242917306607 3.784833625037972e-06
2.62047228563258e-06 0.003596310258296451 3.856835082615484e-06
2.685952105491506e-06 0.003664775561798657 3.930206272764328e-06
2.753060723136201e-06 0.0037345445691504397 4.0049732528363965e-06
2.8218388873813964e-06 0.0038056421135948615 4.0811625758902675e-06
2.8923280779634444e-06 0.003878093500651837 4.158801300121361e-06
2.964570212870817e-06 0.003951924516156744 4.237916998471506e-06
3.038608086130074e-06 0.004027161436725833 4.318537768421308e-06
3.1144860268636707e-06 0.0041038310410844644 4.400692241968808e-06
3.192250174438384e-06 0.004181960620397982 4.484409595797967e-06
3.2719473719366236e-06 0.004261577984485201 4.5697195616406e-06
3.353624998488204e-06 0.004342711471114465 4.6566524368354215e-06
3.437331486762393e-06 0.00442538995764233 4.745239095087978e-06
3.5231170722132815e-06 0.004509642873582129 4.835510997435257e-06
3.611033923520304e-06 0.004595500211429075 4.927500203418898e-06
3.701134882292669e-06 0.004682992533334705 5.0212393824709455e-06
3.793473424948085e-06 0.004772150981814309 5.116761825516216e-06
3.888104271728877e-06 0.004863007292676428 5.214101456795371e-06
3.985084237147963e-06 0.004955593808917836 5.3132928459129116e-06
4.084472149619785e-06 0.005049943491934465 5.414371220114381e-06
4.186327455269545e-06 0.00514608992886407 5.517372476797113e-06
4.290710321958668e-06 0.005244067344821444 5.622333196258976e-06
4.397682354059689e-06 0.0053439106172657935 5.729290654689667e-06
4.50730754462936e-06 0.005445655291359299 5.838282837409121e-06
4.619651897489368e-06 0.005549337591448168 5.949348452357787e-06
4.734781945237466e-06 0.005654994429242498 6.0625269438435194e-06
4.852765001638285e-06 0.005762663417738859 6.177858506550002e-06
4.973670033217199e-06 0.005872382887209908 6.295384099811653e-06
5.097570355281611e-06 0.005984191901109686 6.415145462160092e-06
5.224543335283986e-06 0.006098130267446173 6.537185126147344e-06
5.354667078310395e-06 0.006214238549492558 6.661546433451022e-06
5.488020723897302e-06 0.006332558081641727 6.788273550266874e-06
5.624685408020604e-06 0.006453130987146423 6.91741148299415e-06
5.7647453706271916e-06 0.006576000196571334 7.049006094219367e-06
5.908286801060764e-06 0.006701209459418876 7.183104119004134e-06
6.055396408398934e-06 0.0068288033551354025 7.31975318148284e-06
6.206162036727618e-06 0.006958827310842345 7.459001811776096e-06
6.3606738330035815e-06 0.007091327621105147 7.600899463225911e-06
6.519025410001759e-06 0.007226351468001082 7.745496529958772e-06
6.681312201235661e-06 0.007363946932624894 7.89284436478282e-06
6.847630179286465e-06 0.007504163008007203 8.042995297425496e-06
7.018076656847277e-06 0.007647049619033074 8.196002653118152e-06
7.192751639399824e-06 0.007792657644471765 8.351920771534189e-06
7.371758931910809e-06 0.007941038938538656 8.510805026087472e-06
7.555203959642923e-06 0.008092246342370718 8.672711843597887e-06
7.743192656254602e-06 0.008246333699347165 8.837698724330995e-06
7.935832442950114e-06 0.00840335587732661 9.005824262418912e-06
8.133233787802372e-06 0.008563368793093742 9.177148166669677e-06
8.335511132348614e-06 0.008726429435273955 9.351731281772493e-06
8.542780117747425e-06 0.008892595875967971 9.529635609906358e-06
8.755156698864188e-06 0.009061927288710945 9.710924332759778e-06
8.972758268687924e-06 0.009234483973340394 9.89566183396939e-06
9.195705380094142e-06 0.009410327383261143 1.0083913721985418e-05
9.424122298480594e-06 0.009589520149458504 1.0275746853372148e-05
9.658133604864513e-06 0.009772126092436018 1.0471229356551638e-05
9.897863494616483e-06 0.009958210243305714 1.0670430655999134e-05
1.0143436965189283e-05 0.010147838871461907 1.0873421496898782e-05
1.0394981588162632e-05 0.010341079514809334 1.1080273970268336e-05
1.0652627335270356e-05 0.010538001004569501 1.1291061538561906e-05
1.0916502406977112e-05 0.010738673477945966 1.1505859061759687e-05
1.1186732485798564e-05 0.010943168402610018 1.172474282395407e-05
1.1463441608903361e-05 0.011151558607519953 1.1947790560441481e-05
1.1746753468659027e-05 0.011363918316424226 1.2175081485329627e-05
1.2036789687786502e-05 0.011580323172972284 1.240669631966991e-05
1.2333664103801235e-05 0.011800850254603779 1.2642717320125069e-05
1.26374808589453e-05 0.012025578100806178 1.2883228308182129e-05
1.29483334958894e-05 0.012254586747313785 1.3128314699921123e-05
1.3266303756485917e-05 0.012487957762959589 1.3378063536350124e-05
1.3591455446759036e-05 0.01272577427467295 1.363256351431735e-05
1.3923824270118974e-05 0.01296812098329514 1.3891905018011324e-05
1.4263411381542039e-05 0.013215084196004586 1.4156180151060305e-05
1.4610178374310355e-05 0.013466751864704836 1.4425482769242353e-05
1.4964046426771215e-05 0.013723213627261407 1.4699908513817668e-05
1.5324905157239412e-05 0.013984560833413697 1.4979554845495017e-05
1.5692640369086125e-05 0.014250886565301124 1.526452107904435e-05
1.6066663121723553e-05 0.014522285657780866 1.5554908418567844e-05
1.6445152024281123e-05 0.014798854738496207 1.5850819993441982e-05
1.6823489635622918e-05 0.015080692329169594 1.615236089494334e-05
1.718020568641214e-05 0.015367899485283592 1.645963821357112e-05
1.732668671215566e-05 0.01566061306271348 1.6772761077079747e-05
1.7705878049613894e-05 0.01595887785886293 1.7091840689234955e-05
1.8109462404999377e-05 0.016262821215293852 1.7416990369307143e-05
1.852870729062812e-05 0.016572553453645316 1.7748325592316058e-05
1.8963711298453024e-05 0.016888185181230666 1.8085964030041095e-05
1.9413728130484812e-05 0.01720982907289454 1.8430025592811725e-05
1.9877886856901545e-05 0.01753759991696657 1.8780632472092975e-05
2.0355631195632698e-05 0.017871614628786402 1.9137909183880983e-05
2.0846662516467353e-05 0.018211992317458937 1.9501982612924152e-05
2.135084465580651e-05 0.0185588543228838 1.9872982057785548e-05
2.186813788603509e-05 0.01891232425861879 2.0251039276762503e-05
2.2398560219326845e-05 0.01927252807026891 2.063628853467981e-05
2.294216322552085e-05 0.019639594097200203 2.1028866650573113e-05
2.3499012462102368e-05 0.020013653126966586 2.1428913046279396e-05
2.4069160077957562e-05 0.020394838415119913 2.1836569795951818e-05
2.4652620261566484e-05 0.02078328572205101 2.225198167651654e-05
2.5249343142588157e-05 0.021179133366473087 2.2675296219089387e-05
2.585917626840585e-05 0.021582522281344267 2.3106663761370695e-05
2.6481794682258332e-05 0.021993596052399894 2.3546237501036857e-05
2.7116562548142024e-05 0.022412500908143392 2.399417355014758e-05
2.7762271344039786e-05 0.022839385706519843 2.4450630990588194e-05
2.841654698942934e-05 0.02327440186620448 2.491577193056665e-05
2.9074233009558757e-05 0.02371770309116117 2.538976156218531e-05
2.9722088587360908e-05 0.024169444375727794 2.5872768220107952e-05
2.949385059202841e-05 0.02462975165325439 2.6364963441342863e-05
3.021442324475755e-05 0.025098882293269825 2.6866522026163202e-05
3.095483578963386e-05 0.025576951283353667 2.7377622100186322e-05
3.1714969328830014e-05 0.02606412913453682 2.7898445177634e-05
3.2494893402576004e-05 0.02656058958883856 2.8429176225796205e-05
3.3294790336620825e-05 0.027066509655172696 2.8970003730721128e-05
3.4115092152873e-05 0.02758206965273014 2.9521119764154957e-05
3.495635671159658e-05 0.02810745332414653 3.008272005175494e-05
3.58191196568253e-05 0.02864284795430572 3.065500404260035e-05
3.670390431436953e-05 0.029188444421406258 3.1238174980025533e-05
3.7611222479222493e-05 0.029744437224739555 3.1832439973800695e-05
3.854158429669229e-05 0.030311024559337946 3.2438010073685684e-05
3.9495510382325135e-05 0.03088840840678317 3.30551003443831e-05
4.047354476117192e-05 0.03147679463269155 3.368392994191729e-05
4.1476250691044794e-05 0.03207639303892472 3.43247221914663e-05
4.250419689207758e-05 0.03268741739961122 3.497770466667457e-05
4.3557960913470806e-05 0.033310085548616496 3.5643109270474306e-05
4.463813931781286e-05 0.03394461948332319 3.632117231744455e-05
4.574536074848913e-05 0.034591245473462595 3.701213461773687e-05
4.6880272761860155e-05 0.03525019410838108 3.771624156259774e-05
4.8043526021328045e-05 0.03592170034064614 3.843374321151772e-05
4.923577962821183e-05 0.03660600358615967 3.916489438103876e-05
5.0457713476241915e-05 0.03730334784155147 3.990995473525071e-05
5.171004107727552e-05 0.038013981802737074 4.0669188878009566e-05
5.299349021101123e-05 0.038738158904801805 4.1442866446909954e-05
5.430879063543659e-05 0.03947613737666202 4.2231262209045407e-05
5.5656681317606306e-05 0.04022818035506621 4.3034656158590246e-05
5.703792318012769e-05 0.0409945560168018 4.3853333616237936e-05
5.845330828838667e-05 0.041775537704384226 4.4687585330531e-05
5.9903638847919185e-05 0.042571403958995356 4.5537707581118814e-05
6.138972043676315e-05 0.043382438590497015 4.640400228397941e-05
6.291236910651274e-05 0.044208930806031804 4.728677709864334e-05
6.447242180142757e-05 0.045051175357490744 4.81863455374571e-05
6.607074065044695e-05 0.04590947267089032 4.910302707692523e-05
6.770819394189534e-05 0.04678412887562423 5.0037147271170535e-05
6.938565225302412e-05 0.047675455893460145 5.098903786755278e-05
7.110399430627604e-05 0.04858377158191743 5.195903692448672e-05
7.286411453662144e-05 0.04950939989651651 5.294748893150176e-05
7.466692175545551e-05 0.0504526710209001 5.3954744931585274e-05
7.651332231157957e-05 0.051413921396169876 5.498116264585349e-05
7.840421777718134e-05 0.05239349382926646 5.602710660059416e-05
8.034050590059375e-05 0.05339173765220038 5.7092948256725876e-05
8.232307927187181e-05 0.0544090089003794 5.8179066141720234e-05
8.43528093954232e-05 0.05544567043859414 5.928584598403372e-05
8.64305466238442e-05 0.056502091995653876 6.041368085009694e-05
8.855711851471284e-05 0.05757865029463479 6.156297128390986e-05
9.073330226135223e-05 0.05867572922406858 6.273412544929265e-05
9.295977520613731e-05 0.05979372002331968 6.392755927484269e-05
9.5237061806588e-05 0.06093302139134962 6.514369660164931e-05
9.756560856682385e-05 0.062094039558144534 6.638296933381832e-05
9.994574926166826e-05 0.06327718843375009 6.764581759186036e-05
0.00010237755151475848 0.06448288975902515 6.893268986899716e-05
0.00010486063367937798 0.06571157325279671 7.024404319044112e-05
0.00010739419286330605 0.06696367671572012 7.158034327570543e-05
0.00010997655625183613 0.06823964611377341 7.294206470400143e-05
0.00011260496304238968 0.06953993570363608 7.432969108278277e-05
0.00011527569137463491 0.07086500817441349 7.574371521949574e-05
0.0001179847339577293 0.07221533493885872 7.718463929659701e-05
0.00012072871028651542 0.07359139659408553 7.865297504990076e-05
0.0001234990041768443 0.07499368173699837 8.014924395031873e-05
0.00012626672200052007 0.07642268454596629 8.167397738905756e-05
0.00012437308584349073 0.07787861525170534 8.32277168663393e-05
0.00012690996519968184 0.0793625936852151 8.48110141837121e-05
0.00012969142639131774 0.08087484936751804 8.642443164001919e-05
0.00013263042791687303 0.08241592456406323 8.806854223109622e-05
0.0001356931209582944 0.08398637089348224 8.974392985326731e-05
0.00013886341175603587 0.08558674979903148 9.145118951071246e-05
0.0001421323732506612 0.08721763312938448 9.319092752677984e-05
0.00014549488576357148 0.0888796033571727 9.496376175931787e-05
0.00014894703086060343 0.09057325383847675 9.677032182010413e-05
0.0001524858956499574 0.09229918908220242 9.861124929844806e-05
0.00015610981377776024 0.09405802507385133 0.00010048719798904773
0.0001598181245513367 0.09585038960951492 0.00010239883412418139
0.000163610152995172 0.09767692240256963 0.00010434683661031577
0.00016748527931800879 0.09953827521886653 0.0001063318972692159
0.00017144316049705512 0.10143511218932798 0.00010835472108364157
0.00017548403746375665 0.10336811016212034 0.00011041602644771782
0.00017960905345388217 0.10533795897302967 0.0001125165454220685
0.00018382065912110355 0.10734536145124221 0.00011465702399380335
0.00018812309649004287 0.10939103358413467 0.00011683822234145086
0.0001925200849522821 0.11147570489418102 0.00011906091510493144
0.0001970115563883324 0.11360011896598235 0.00012132589166066617
0.00020159772494563193 0.11576503374168684 0.00012363395640191925
0.00020627967875576296 0.11797122157518189 0.0001259859290244737
0.0002110594638777448 0.12021946952017389 0.00012838264481774135
0.00021594025884441736 0.12251057973149737 0.0001308249549614113
0.00022092650933804592 0.12484536989403196 0.00013331372682774122
0.00022602376045589612 0.12722467350914338 0.00013584984428959964
0.0002312381593264278 0.1296493399217681 0.0001384342080343682
0.000236575999028377 0.13212023458434552 0.00014106773588381575
0.00024204330095799832 0.1346382394454494 0.0001437513631200572
0.0002476455105148454 0.13720425340259693 0.0001464860428177135
0.0002533872849846462 0.13981919256720332 0.0001492727461823908
0.0002592723857409907 0.14248399030392303 0.0001521124628955983
0.0002653037501853121 0.1451995975870143 0.00015500620146622796
0.0002714836034766839 0.14796698346983292 0.00015795498958872037
0.00027781355127066493 0.15078713559356519 0.0001609598745080448
0.0002842946060357247 0.15366106040654953 0.0001640219233916219
0.00029093021068842114 0.15658978344630262 0.00016714222370832216
0.0002977275590756153 0.1595743499766399 0.00017032188361467408
0.00030469231625527296 0.16261582521818588 0.0001735620323484195
0.00031182852712949446 0.16571529490265535 0.00017686382062955588
0.00031913900179132156 0.1688738654840993 0.00018022842106900797
0.00032662556950668366 0.17209266425187378 0.00018365702858507332
0.00033428927578883387 0.17537283981638122 0.00018715086082779112
0.0003421304644839712 0.17871556269559896 0.00019071115861138307
0.00035014874194667456 0.1821220259173843 0.00019433918635492173
0.00035834271893404955 0.1855934451520382 0.00019803623253138126
0.0003667095492911833 0.18913105883272166 0.0002018036101252313
0.0003752444161839317 0.1927361286702652 0.00020564265709873596
0.00038393983843028437 0.19640994027361394 0.00020955473686712285
0.0003927845484458228 0.2001538037330849 0.0002135412387827925
0.0004017616174636183 0.20396905361935247 0.00021760357862873864
0.0004108462421713651 0.20785704917554157 0.00022174319912135536
0.00042000385708872726 0.21181917502528186 0.0002259615704228093
0.00042919506094802066 0.2158568426558168 0.00023026019066315942
0.00043835678230536354 0.21997149100705835 0.00023464058647240898
0.0004472488604732177 0.2241645818776513 0.00023910431352267955
0.00045513471189206775 0.22843760808089783 0.00024365295708069873
0.0004603110686693914 0.23279218807262944 0.00024828813257079846
0.0004663219188837809 0.23722989885668297 0.0002530114861486236
0.00047338189477051683 0.2417522129877504 0.0002578246952857546
0.0004811608870826947 0.2463607065433096 0.0002627294693654517
0.0004891615594246478 0.25105701644369094 0.0002677275502897325
0.0004968445594846999 0.25584281773582856 0.0002728207130979983
0.0005038961569124801 0.2607197994242117 0.0002780107665974292
0.0005103771355614372 0.265689655647949 0.00028329955400537124
0.0005163328658403401 0.27075414325911545 0.00028868895360394434
0.0005221442063544882 0.2759150807040494 0.00029418087940710357
0.0005278819182723726 0.28117428903385766 0.0002997772818403897
0.0005335578722510576 0.2865336293232373 0.0003054801484336118
0.0005391092193300078 0.2919950092816427 0.0003112915045267067
0.0005445697172977905 0.29756036832061256 0.00031721341398902676
0.0005499886258346301 0.3032316825927243 0.00032324797995231117
0.0005553684063712311 0.30901096804036776 0.000329397345557601
0.0005607263154660719 0.3149002791014265 0.0003356636947163629
0.0005660828876291901 0.3209017097401845 0.00034204925288609323
0.000571446227213934 0.3270173939429516 0.00034855628786067565
0.0005768278497595624 0.3332495060927961 0.0003551871105757755
0.0005822402591042474 0.33960026212772554 0.0003619440759295549
0.0005876910478034775 0.346071920799112 0.00036882958361900115
0.0005931880603254591 0.35266678412239916 0.0003758460789921651
0.0005987393725626081 0.35938719762430293 0.000382996053916613
0.000604351684124716 0.36623555135534264 0.00039028204766439764
0.0006100304321540512 0.3732142810719254 0.00039770664781386674
0.0006157777667941768 0.38032586937010476 0.0004052724911686265
0.000621594569814705 0.3875728466286911 0.0004129822646939865
0.00062747713077579 0.3949577912476049 0.00042083870647122076
0.0006334155658423939 0.40248332961353517 0.00042884460666998
0.0006393847475329851 0.41015213811978335 0.0004370028085392057
0.0006453331594057466 0.4179669434945355 0.00044531620941689254
0.0006512183529807047 0.4259305218526971 0.0004537877617590611
0.0006570104354808432 0.4340456997086305 0.000462420474188306
0.0006627018316349111 0.4423153508422235 0.0004712174125622902
0.0006683435442786567 0.45074240534445553 0.00048018170106256704
0.0006740090653802635 0.4593298559481168 0.0004893165233041145
0.0006798387644200585 0.46808075863737214 0.0004986251234659785
0.0006859876688280852 0.47699823687936743 0.0005081108074434233
0.0006925248508005731 0.4860854729391006 0.0005177769440220018
0.0006994733081775446 0.4953457088599887 0.0005276269660739592
0.0007067870012556186 0.504782247878527 0.0005376643717773987
0.0007143950691336741 0.5143984508158703 0.0005478927258586382
0.000722261308052117 0.5241977393446465 0.0005583156608582031
0.0007303542392442256 0.5341835988172413 0.0005689368784209009
0.0007386532210042542 0.5443595796257331 0.0005797601506104396
0.0007471532316153881 0.5547293009634529 0.000590789321249054
0.0007558523638440856 0.565296451858193 0.0006020283072826169
0.0007647502867586699 0.5760647913861106 0.0006134811001717194
0.0007738529591639866 0.5870381502783704 0.000625151767309215
0.0007831673328532058 0.5982204327901746 0.0006370444534647312
0.0007926991024616117 0.6096156180015218 0.0006491633822566593
0.0008024537325401114 0.6212277604076976 0.0006615128576521486
0.0008124378440196718 0.6330609913977662 0.000674097265495635
0.0008226583595093638 0.6451195210448369 0.0006869210750664491
0.00083312206092274 0.657407640095123 0.0006999888406660532
0.0008438357026212361 0.6699297214631048 0.0007133052032354761
0.0008548065228229787 0.6826902209453127 0.000726874892003516
0.0008660420791903115 0.6956936788218969 0.000740702726166299
0.0008775499929319393 0.708944721868006 0.0007547936165987879
0.0008893377932209828 0.722448065546723 0.0007691525675988519
0.000901413102164162 0.7362085155126215 0.0007837846786645127
0.0009137840873484368 0.7502309684925415 0.0007986951463050024
0.0009264592498589791 0.7645204141335542 0.000813889265886274
0.00093944710679139 0.7790819371937342 0.0008293724335116183
0.000952756054346686 0.7939207199108544 0.0008451501479380604
0.000966394631888134 0.8090420434997599 0.00086122801252921
0.0009803719575378195 0.8244512892554879 0.0008776117372452641
0.0009946976334571154 0.8401539407046046 0.0008943071406708658
0.0010093813162878385 0.8561555859820005 0.0009113201520815412
0.001024432456483524 0.8724619203408951 0.0009286568135494471
0.0010398606523999935 0.8890787476481171 0.0009463232820891779
0.0010556760463326027 0.9060119817458302 0.0009643258318443926
0.0010718892672310736 0.9232676488883155 0.0009826708563160419
0.0010885112422819546 0.9408518904476756 0.0010013648706329822
0.0011055527776400057 0.9587709655575702 0.0010204145138657855
0.0011230247513397166 0.9770312525426611 0.0010398265513845678
0.0011409384687514226 0.9956392505891324 0.0010596078772616689
0.0011593055954416407 1.0146015824645218 0.0010797655167200447
0.0011781379573989816 1.0339249975045435 0.001100306628628233
0.0011974472375325027 1.053616374534532 0.0011212385080427833
0.0012172453184381442 1.0736827233769457 0.0011425685887990558
0.0012375445490159054 1.0941311867528893 0.0011643044461513029
0.0012583573306299723 1.114969043266763 0.0011864537994629774
0.0012796951975116795 1.1362037107161964 0.0012090245149482199
0.0013015678368774248 1.1578427490606513 0.001232024608465499
0.001323984281763596 1.1798938621335544 0.0012554622483643965
0.0013469516760465266 1.202364900446911 0.0012793457583865498
0.0013704719388707783 1.225263864234678 0.0013036836206217794
0.0013945420894523814 1.248598906217564 0.001328484478520455
0.0014191603682246511 1.272378334701677 0.0013537571399631662
0.001444317147333983 1.2966106153066035 0.0013795105803887896
0.001469992114349784 1.321304370991269 0.001405753945982065
0.001496173545275885 1.3464683848236796 0.0014324965569218076
0.0015228769595477122 1.3721116072090866 0.001459747910690919
0.0015501286373851718 1.398243161647542 0.0014875176854493586
0.0015779894810421216 1.424872344264641 0.0015158157434712902
0.0016065717066264305 1.452008630295946 0.001544652134647607
0.0016359953222227102 1.4796616804568326 0.001574037100055096
0.0016663343180383843 1.5078413438223057 0.0016039810755934954
0.0016976437322625544 1.5365576584599605 0.0016344946956917414
0.001729952995988708 1.565820858164302 0.0016655887970847283
0.0017632447708178013 1.595641372056596 0.0016972744226619086
0.0017974902753833102 1.6260298238551965 0.0017295628253891123
0.0018326896302325567 1.656997036907106 0.0017624654723049716
0.0018688487415635326 1.6885540417711586 0.0017959940485933739
0.0019059668162154954 1.7207120763161556 0.0018301604617333867
0.0019440546035373845 1.753482589756562 0.0018649768457281292
0.001983131728818312 1.7868772497261345 0.0019004555654140943
0.0020232140856507107 1.820907949284374 0.0019366092208524456
0.0020643175531535017 1.8555868084254081 0.0019734506518038594
0.002106466313791288 1.8909261765565084 0.0020109929422884886
0.002149688269187115 1.9269386379791884 0.0020492494252326784
0.0021940107229075573 1.9636370172454376 0.002088233687204075
0.002239457923012138 2.001034384674784 0.002127959573236819
0.0022860557636703374 2.0391440599993085 0.002168441191748527
0.002333832661858674 2.0779796158328994 0.0022096929195508145
0.002382818285750273 2.117554883054697 0.002251729406955137
0.0024330430289991145 2.157883956754179 0.0022945655829757646
0.0024845373162190707 2.198981202081981 0.0023382166606317318
0.002537332023270694 2.240861257836683 0.002382698142349655
0.002591458571984169 2.2835390404592957 0.002428025825469328
0.00264694887339672 2.3270297500909853 0.0024742158078540563
0.0027038353717983425 2.371348877227356 0.002521284493607721
0.002762151184679709 2.4165122092579248 0.002569248598900596
0.0028219302494534664 2.462535834168202 0.002618125157906004
0.0028832073151701765 2.5094361452791643 0.002667931528849904
0.002946018014187619 2.5572298480031845 0.0027186854001755596
0.0030103990016044063 2.605933967181362 0.0027704047968254925
0.003076388111551615 2.655565854026318 0.002823108086642932
0.0031440242630388767 2.7061431899360464 0.0028768139868950503
0.003213347529548371 2.7576839920403433 0.00293154157092029
0.003284399157624504 2.8102066206636076 0.0029873102749021496
0.0033572208629702154 2.8637297871840754 0.0030441399047718303
0.0034318549342375734 2.918272561308728 0.003102050643242201
0.0035083440674195873 2.9738543750598523 0.0031610630569755675
0.003586731406656712 3.0304950292623647 0.003221198103887804
0.003667060803390843 3.0882147018758626 0.0032824771405914346
0.0037493771854324276 3.1470339570093078 0.0033449219299803144
0.0038337267562969833 3.20697375256483 0.0034085546489585903
0.003920156598741019 3.268055444520619 0.0034733978963166984
0.004008714673115844 3.330300794427505 0.0035394747007571996
0.004099450137367373 3.3937319786944724 0.0036068085290732817
0.004192413835311985 3.4583715985653756 0.003675423294482864
0.0042876583733939145 3.524242687945906 0.0037453433651212266
0.004385237513367826 3.591368718114632 0.003816593572695222
0.004485206249061092 3.659773606334468 0.003889199221302105
0.004587621285527161 3.72948172617383 0.003963186096416138
0.004692542214877047 3.800517918677396 0.004038580474046153
0.004800030121637251 3.872907499852729 0.004115409130067323
0.004910145974847754 3.9466762657607446 0.004193699349730459
0.005022950908676819 4.021850502384165 0.004273478937352207
0.005138506919483694 4.098456997066126 0.004354776226189592
0.005256877741844812 4.176523050611233 0.004437620088502404
0.005378128596717545 4.2560764852728505 0.004522039945807021
0.005502325318187438 4.3371456509175745 0.004608065779325283
0.00562953473751718 4.419759436225943 0.004695728140632155
0.0057598254921373635 4.503947281470564 0.004785058162505933
0.0058932689933775375 4.589739191787185 0.004876087569984878
0.006029938769404382 4.677165744983365 0.004968848691634176
0.006169909488746784 4.766258098841656 0.005063374471027235
0.006313257490244502 4.85704800374276 0.005159698478445413
0.006460061770221632 4.949567816846784 0.005257854922800299
0.006610405043616611 5.043850516487252 0.005357878663782816
0.006764372610189462 5.1399297098503345 0.005459805224243435
0.006922051308663768 5.237839641663129 0.005563670802807907
0.00708353025837976 5.337615208410769 0.005669512286733003
0.007248902151286112 5.439291974144118 0.005777367265006795
0.00741826539756549 5.542906186196487 0.00588727404169818
0.007591723913963923 5.648494783035499 0.005999271649560339
0.007769381854415266 5.756095403317057 0.006113399863892999
0.007951343833604923 5.8657464015989715 0.006229699216668391
0.008137716797583893 5.977486866074782 0.006348211010925955
0.008328611413472648 6.091356635024243 0.006468977335440865
0.00852413986357412 6.207396304165969 0.006592041079671618
0.008724415283809007 6.325647239037408 0.0067174459489919795
0.008929553281416475 6.446151592867213 0.00684523648021268
0.009139674151172944 6.568952326284196 0.006975458057398421
0.009354904023093625 6.694093224533288 0.007108156927985752
0.009575371837440814 6.82161890482539 0.007243380219207576
0.009801209038120071 6.951574830895859 0.007381175954830125
0.010032551418276334 7.084007333084411 0.007521593072208306
0.010269541782138679 7.2189636304378855 0.007664681439665536
0.010512330713679768 7.356491848353212 0.007810491874204171
0.010761072800223382 7.496641026126043 0.007959076159552875
0.011015926768298545 7.6394611341585685 0.008110487064557316
0.011277057823920944 7.785003096376587 0.008264778361920702
0.011544640879758606 7.933318814803335 0.008422004847300863
0.011818860694591204 8.084461187364624 0.008582222358770592
0.012099907435909038 8.23848411604478 0.008745487796648218
0.012387977374739246 8.39544252696391 0.008911859143705434
0.01268327583097352 8.555392395559961 0.009081395485759527
0.012986021091237624 8.718390773967915 0.009254157032657367
0.01329644358068037 8.88449580841482 0.009430205139658593
0.013614780935293464 9.05376674854844 0.009609602329225558
0.01394127925852524 9.226263970684201 0.009792412313227842
0.014276194158270653 9.402049004889836 0.009978700015569131
0.014619795338293719 9.581184565155063 0.01016853159524458
0.014972366235238751 9.763734566727331 0.010361974469836787
0.015334198870893954 9.949764137123436 0.010559097339458761
0.015705596145784314 10.139339642955669 0.010759970211152355
0.016086876473711292 10.332528721692213 0.010964664423750884
0.01647837911861803 10.529400314942054 0.011173252673214671
0.01688046032119836 10.73002468362832 0.011385809038448616
0.017293488261180993 10.934473421601806 0.011602409007610876
0.017717846441125194 11.142819486388477 0.011823129504922052
0.018153939484973416 11.355137234907348 0.012048048917984371
0.018602199095007214 11.571502459639273 0.012277247125620602
0.019063078139443575 11.791992402144896 0.012510805526242539
0.019537046039529993 12.016685770034423 0.012748807066759193
0.020024593450204818 12.24566277207611 0.012991336272034876
0.020526239641279916 12.479005158601039 0.01323847927490775
0.021042538923590134 12.716796260301022 0.013490323846779383
0.021574072233857367 12.959120999734443 0.013746959428786249
0.0221214436485237 13.20606591284072 0.014008477163564247
0.022685286521939803 13.457719188795275 0.01427496992761746
0.023266272555510743 13.71417071550303 0.014546532364302717
0.02386511825120326 13.975512120526075 0.014823260917441624
0.024482573983998137 14.241836780668361 0.015105253865572037
0.02511942192482403 14.513239848527805 0.015392611356851096
0.025776484035172468 14.789818297979394 0.015685435444622278
0.02645463339319549 15.07167097601479 0.015983830123659042
0.027154800126997742 15.35889864488593 0.01628790136709798
0.027877957664274002 15.651603989774662 0.016597757164074533
0.02862512267501979 15.949891652023359 0.016913507558074737
0.029397365274483597 16.25386828060779 0.017235264686016504
0.03019582302040132 16.563642590480974 0.01756314281807441
0.031021705431330527 16.879325404829377 0.017897258398262086
0.03187627764599191 17.201029661945572 0.018237730085786608
0.03276086308412748 17.528870455801194 0.01858467879718966
0.033676856223663926 17.86296509458554 0.018938227749290326
0.03462573947441118 18.20343316663528 0.01929850250294482
0.03560908524441264 18.550396581262056 0.01966563100763869
0.03662853728433563 18.903979575512352 0.020039743646927375
0.03768581643715813 19.26430876322065 0.020420973284741104
0.038782736741940126 19.631513201779896 0.020809455312570807
0.03992122590531609 20.005724466529124 0.02120532769755158
0.041103323234524945 20.3870766880224 0.021608731031460916
0.042331159234010284 20.77570656071141 0.02201980858064909
0.04360696528044174 21.171753401741945 0.02243870633691932
0.044933093633945445 21.57535922685215 0.022865573069375953
0.04631204152232836 21.98666883325582 0.023300560377258916
0.047746443237426925 22.405829831693683 0.023743822743783317
0.04923904881646846 22.832992658873398 0.024195517591003274
0.05079273823021404 23.26831064699336 0.024655805335719424
0.0524105463825756 23.711940110769998 0.025124849446450017
0.05409569106667972 24.164040439446012 0.025602816501485832
0.055851556777219494 24.624774120805583 0.02608987624804948
0.057681673399737954 25.094306760277654 0.026586201662580116
0.059589735831799856 25.572807162573437 0.02709196901216506
0.06157962383936371 26.060447431129123 0.027607357917140005
0.06364949025535639 26.55740296127117 0.02813255141488014
0.06579546449786088 27.063852517606755 0.028667736024804796
0.06803789335656965 27.579978743092365 0.02921310181461876
0.07040832664527281 28.105968031491244 0.029768842467813708
0.07292204592243644 28.64201011910112 0.030335155352453763
0.075589209285897 29.18829677099999 0.030912241591269613
0.07841529450799985 29.74502374115271 0.0315003061330861
0.08131053926301207 30.312394138061325 0.032099557825608596
0.08413990857149961 30.890615869217758 0.03271020948959403
0.08682258000557054 31.479897555393194 0.03333247799443297
0.08935604110852031 32.08045502797991 0.033966584335169525
0.09171182340317326 32.692503132883495 0.034612753710986446
0.09388022834719642 33.3162371488013 0.03527121560518331
0.09587337985799967 33.95184879018243 0.03594220386667615
0.09770724120962808 34.599551689016174 0.036625956793047594
0.09929036429689961 35.25956894934583 0.03732271721517683
0.1006805905754901 35.93213573651604 0.038032732583479605
0.10224260515156004 36.61752938158632 0.03875625505578875
0.10439563911653606 37.31604158069403 0.03949354158690665
0.10730320748115302 38.02793743293232 0.040244854019861165
0.11111939595825704 38.75347212034106 0.041010459178897736
0.11587263353033793 39.49290804903693 0.041790628964240434
0.12116557306021247 40.24649684278473 0.04258564044865572
0.1265188378175829 41.01449737474164 0.04339577597585324
0.1318653059956653 41.79719228193369 0.044221323260758616
0.13725389673353602 42.59487689244808 0.045062575491693596
0.14270230925196883 43.40784486363282 0.04591983143450035
0.14836750873795582 44.23638967057812 0.04679339553864626
0.15439570697359137 45.08080753485719 0.047683578045347536
0.16076672198357086 45.941405685561925 0.04859069509774946
0.16743098025736997 46.81849902526756 0.04951506885320278
0.17439319933334724 47.7124068459641 0.05045702759767618
0.1816749727371955 48.62345545027249 0.051416905862344944
0.18930707090188842 49.55197789962715 0.05239504454239788
0.19730192181570283 50.4983131980424 0.05339179101810417
0.20566878111594594 51.462807068482796 0.05440749927818359
0.21442510762418898 52.44581221470073 0.055442530045523415
0.22359071648199352 53.44768829523286 0.056497250905287136
0.23318590520037896 54.46880220556286 0.057572036435460154
0.24322997778301217 55.50952837892663 0.058667268339878974
0.2537435409050563 56.57024877040532 0.05978333558379117
0.26474857787908834 57.65135283464842 0.060920634531994027
0.27626816852185576 58.753237773214884 0.062079569089601286
0.2883265760183412 59.876308858294784 0.06326055084548766
0.30094931805514075 61.02097975300336 0.06446399921846224
0.3141632633127998 62.18767245774279 0.06569034160622264
0.3279968326931696 63.376817340242766 0.06694001353714278
0.34248013863462423 64.58885340386432 0.06821345882494835
0.35764512514195074 65.82422862012251 0.06951112972633457
0.3735253729585007 67.08340032879799 0.07083348710158258
0.39015643025381064 68.36683518184499 0.07218100057823128
0.4075762015376547 69.67500925122137 0.07355414871786284
0.42582495673102333 71.00840836554619 0.07495341918606103
0.4449452374463623 72.36752851985845 0.07637930892560289
0.46498184099695766 73.75287619948871 0.07783232433294494
0.48598274929223373 75.16496833813797 0.0793129814380671
0.5079997381860424 76.60433252284892 0.08082180608773759
0.5310882834190354 78.0715073651668 0.08235933413226446
0.5553072647037286 79.56704293562407 0.08392611161579962
0.5807190294779486 81.0915010729055 0.08552269497026344
0.6073912246431832 82.64545546166306 0.08714965121295802
0.6353975936141312 84.22949195176702 0.08880755814794036
0.6648177054422187 85.84420894425021 0.09049700457122592
0.6957363464966434 87.49021781617937 0.09221859047989625
0.7282439238375539 89.16814323781165 0.09397292728518437
0.7624395668562146 90.87862349627734 0.09576063802961399
0.7984319893853907 92.6223109292368 0.09758235760826932
0.8363385555844732 94.39987241688382 0.09943873299427454
0.8762840850574439 96.21198982011643 0.1013304234685624
0.9184021263244433 98.05936036454585 0.10325810085401414
0.9628395111856836 99.94269740395642 0.10522244975405336
1.0097571073556306 101.8627309605063 0.10722416779577898
1.059328846894635 103.820208075667 0.10926396587772358
1.1117401339808783 105.81589311157654 0.11134256842232466
1.1671903853388688 107.85056845083975 0.11346071363319922
1.2258991051155674 109.9250358454054 0.11561915375731249
1.2881064255797547 112.04011701061845 0.11781865535213396
1.3540717318822457 114.19665388692303 0.1200599995578759
1.4240716969598888 116.39550879882951 0.12234398237491077
1.4984049881453065 118.63756572528725 0.12467141494646605
1.5773995246167702 120.92373234786686 0.1270431238466971
1.661412761139798 123.25494063593115 0.12945995137424024
1.7508299810378827 125.63214695925598 0.13192275585135
1.846062353186403 128.05633211026012 0.13443241192872754
1.9475543389993075 130.5285035602216 0.13698981089614762
2.055791423013616 133.04969825997816 0.13959586099899496
2.1713001195794854 135.62098322965116 0.14225148776082247
2.2946461431535297 138.24345546665182 0.14495763431204534
2.4264332446547283 140.91824192070752 0.1477152617248885
2.567313129207475 143.6465032510455 0.15052534935470574
2.7179925237872142 146.4294372395435 0.1533888951877922
2.8792336600990027 149.26827925725954 0.15630691619581322
3.0518531165742058 152.16430194989846 0.15928044869697613
3.2367225611300685 155.11881547487798 0.16231054872407236
3.4347794017608044 158.13317308964878 0.16539829239952167
3.6470320892152497 161.2087749712888 0.16854477631755066
3.874561910076652 164.34706866547234 0.17175111793364153
4.118523881192792 167.54954861247177 0.17501845596139043
4.3801506887435195 170.81775711463152 0.17834795077691465
4.660759844013374 174.15329179683476 0.18174078483095352
4.961756209682369 177.55780949904036 0.18519816306880887
5.2846371086390045 181.0330269175516 0.18872131335827458
5.6309982437855775 184.5807202873607 0.19231148692570632
6.00254146085268 188.20272776236598 0.19596995880038762
6.401070017286051 191.90095800946574 0.199698028267349
6.828488326932545 195.67739394734045 0.20349701932880157
7.286814149623975 199.5340941279563 0.20736828117434852
7.778194912293531 203.4731933772729 0.21131318866014234
8.304916902250676 207.49690714241024 0.21533314279715665
8.86937641693384 211.6075392392597 0.21942957124874712
9.474079724705323 215.80748542652114 0.22360392883767802
10.121668126178344 220.09923656345953 0.2278576980627941
10.81495241159495 224.485381709514 0.2321923896255212
11.556914863037656 228.96861421747005 0.23660954296638317
12.350642794853275 233.5517352283362 0.24111072681172524
13.199335119374798 238.23765791622475 0.24569753973083822
14.106348493594135 243.0294143867597 0.2503716107036809
15.075258751408553 247.9301638354927 0.2551345996994029
16.10983691809047 252.94319791117266 0.259988198265873
17.213940457678902 258.071935842565 0.2649341301304226
18.391536062680863 263.3199314025209 0.2699741518120175
19.646773271449824 268.69088641353704 0.27511005324507526
20.984075092380213 274.18866715941084 0.2803436584151502
22.408064719142455 279.81730329991115 0.2856768260067112
23.923428925179653 285.58097147580645 0.2911114500632426
25.53496372802261 291.4840082229791 0.29664946065990294
27.247676099669757 297.5309338786444 0.3022928245889796
29.06689272963131 303.7264798281651 0.308043546058384
30.99812527305227 310.075571518903 0.3139036674034344
33.04694255473771 316.5833013347773 0.31987526981217884
35.21903540268873 323.2549510650966 0.32596047406451784
37.52033305964183 330.09602987002404 0.33216144128538644
39.95710137240807 337.11231198189597 0.3384803737122656
42.5357715804771 344.3097942768203 0.3449195154772936
45.262863105389734 351.6946642961362 0.3514811534042566
48.145049203023625 359.2733348836423 0.35816761782074147
51.18925876982343 367.05249843444534 0.3649812833857371
54.402730243724434 375.039169796842 0.37192456993298134
57.79287383147832 383.2406142853445 0.37899994333035103
61.3672671706248 391.6643207793371 0.38620991635560015
65.13369131665051 400.31804846438126 0.39355704958875865
69.10017652176525 409.2098959357327 0.40104395232150736
73.27499682540254 418.34833956388076 0.4086732834838526
77.66666052472013 427.74213890753157 0.4164477525884304
82.28396581319492 437.40032448982055 0.42437012069277363
87.13597410953541 447.33225312285794 0.4324432013798852
92.23195755495276 457.54768569263905 0.44066986175746653
97.58135692446481 468.05681088367334 0.44905302347615345
103.19397850240703 478.8701472764524 0.45759566376712474
109.08006613170795 489.99855043654816 0.4663008164994462
115.2501857217895 501.45326989133906 0.47517157325753423
121.71504589043002 513.2460248448212 0.484211084439112
128.48548106445813 525.3890087106488 0.4934225603740558
135.57288236119263 537.8948156091367 0.5028092724645254
142.98923450638677 550.7764640804239 0.5123745543467828
150.74689623117138 564.0474455260585 0.522121803075114
158.858285086115 577.7217833087161 0.5320544803282732
167.3359712040648 591.8140253782725 0.542176113638878
176.19330688030692 606.3392237861266 0.5524902976461917
185.44438603139548 621.3129650953828 0.5630006953727391
195.10372032160504 636.7513979437075 0.5737110395252072
205.18580820930546 652.6712595240909 0.5846251338200945
215.70541832189116 669.0898793788367 0.5957468543345787
226.67833433083084 686.0252306090088 0.6070801508830833
238.12121883948075 703.495951669574 0.6186290484200311
250.0511936569823 721.5213408785821 0.6303976484692828
262.4853346107972 740.1213390738524 0.6423901305807704
275.44119528539153 759.3165803028488 0.6546107538148392
288.93756285326583 779.1285204200524 0.6670638582548287
302.9942310561321 799.5794343140319 0.6797538665484284
317.6315034129381 820.6923622904243 0.6926852854783541
332.86967529014106 842.4910427289392 0.7058627075629079
348.7297985912611 865.0000574647212 0.7192908126869815
365.2343511222504 888.2450234727049 0.7329743697640925
382.4069408987528 912.2525509415071 0.746918238430035
400.27176062752113 937.0501297391709 0.7611273707687518
418.85312973397413 962.6660205961487 0.7756068130710378
438.17644279339254 989.129538535425 0.7903617076267013
458.2686834406503 1016.4712823292024 0.8053972945508165
479.1580940482207 1044.7230415709964 0.8207189136447236
500.8736213584324 1073.9176101505927 0.836332006292425
523.4445860361088 1104.0886583718634 0.8522421173930614
546.9017086296093 1135.2711895236228 0.8684548973301529
571.2774432949021 1167.5017721292895 0.8849761039782981
596.6056523051283 1200.8183879709884 0.9018116047480488
622.9210880133618 1235.2601644145618 0.9189673786696894
650.2592342873461 1270.8672673118576 0.9364495185166525
678.657279193733 1307.6815428199852 0.9542642329693338
708.1542798075678 1345.7467158053607 0.9724178488200673
738.7908857777579 1385.1081755703035 0.9909168132200497
770.6089146513776 1425.812625835534 1.0097676959690083
803.6513700906005 1467.908050126749 1.0289771918484276
837.9632308203255 1511.4445264628587 1.0485521229991617
873.5915012894322 1556.4743640367592 1.0684994413442783
910.5850226408082 1603.0518241136538 1.0888262310579933
948.994188530261 1651.2326902262469 1.1095397110815752
988.8711000674807 1701.0743674483801 1.1306472376871082
1030.2700775188891 1752.6368303439776 1.1521563070900314
1073.2476640721052 1805.9826764194345 1.1740745581113754
1117.8625637983287 1861.1767886572845 1.1964097748906453
1164.1755448007254 1918.2858452690305 1.2191698896503118
1212.2496373378783 1977.37860651659 1.2423629855128957
1262.150348641897 2038.5269377578177 1.2659972993716404
1313.9456988265522 2101.80577661042 1.290081224815797
1367.7062981731558 2167.2927399810696 1.3146233151115596
1423.505440442405 2235.067595050521 1.339632286239706
1481.4192498215607 2305.212779415165 1.3651170199910305
1541.526636648516 2377.814440198229 1.3910865671206583
1603.9094164528199 2452.9623197219744 1.4175501505623689
1668.6525488363159 2530.749309849873 1.4445171687040683
1735.8444188678163 2611.270916824122 1.4719971987255702
1805.576822510883 2694.6260468697774 1.4999999999998777
